lamda	 DiffPhase
2.000010 9.769234e-05 
4.000010 -2.917487e-05 
6.000010 2.568557e-06 
8.000010 -1.463780e-04 
10.000010 -1.628315e-05 
12.000010 3.335510e-05 
14.000010 3.594539e-05 
16.000010 4.063309e-05 
18.000010 -6.090493e-05 
20.000010 1.013749e-04 
22.000010 -1.352057e-04 
24.000010 7.011706e-05 
26.000010 -5.442474e-06 
28.000010 -1.216599e-05 
30.000010 2.892843e-05 
32.000010 -2.483069e-05 
34.000010 9.538656e-05 
36.000010 -1.130903e-04 
38.000010 6.906662e-05 
40.000010 -6.719818e-06 
42.000010 -6.455629e-05 
44.000010 -1.667780e-05 
46.000010 1.358353e-04 
48.000010 -4.901082e-05 
50.000010 -1.080584e-04 
52.000010 1.303917e-04 
54.000010 -9.620950e-05 
56.000010 1.155947e-04 
58.000010 -7.474300e-05 
60.000010 4.067284e-05 
62.000010 -4.083920e-05 
64.000010 6.074343e-05 
66.000010 2.432815e-05 
68.000010 -1.192321e-04 
70.000010 7.701851e-05 
72.000010 -2.819003e-05 
74.000010 -3.574265e-05 
76.000010 -2.695275e-05 
78.000010 -3.268721e-05 
80.000010 2.804712e-05 
82.000010 1.493547e-04 
84.000010 -1.272215e-05 
86.000010 -3.349033e-06 
88.000010 -1.065837e-06 
90.000010 -9.696544e-06 
92.000010 -1.073316e-04 
94.000010 -2.627899e-05 
96.000010 -1.766369e-05 
98.000010 1.749182e-04 
100.000010 -1.644551e-05 
102.000010 -2.093302e-05 
104.000010 -3.278455e-05 
106.000010 2.021869e-05 
108.000010 -1.295828e-04 
110.000010 6.331241e-05 
112.000010 7.378471e-05 
114.000010 -1.099419e-04 
116.000010 8.494140e-05 
118.000010 -1.042167e-04 
120.000010 8.740055e-05 
122.000010 8.566138e-05 
124.000010 -1.162179e-04 
126.000010 3.456369e-05 
128.000010 7.590272e-05 
130.000010 -1.253186e-05 
132.000010 -1.002917e-05 
134.000010 -9.017751e-06 
136.000010 -8.481657e-06 
138.000010 -8.199281e-06 
140.000010 -8.113810e-06 
142.000010 -8.251308e-06 
144.000010 -8.761407e-06 
146.000010 -1.028169e-05 
148.000010 -6.875516e-05 
150.000010 5.665941e-05 
152.000010 1.012810e-04 
154.000010 -7.210117e-05 
156.000010 -6.105789e-05 
158.000010 1.214802e-04 
160.000010 -5.876344e-05 
162.000010 -5.471202e-05 
164.000010 -5.962421e-05 
166.000010 1.434403e-04 
168.000010 -5.707159e-05 
170.000010 -4.463007e-05 
172.000010 1.366559e-04 
174.000010 -4.240088e-05 
176.000010 -5.256459e-05 
178.000010 -4.073115e-05 
180.000010 1.403125e-04 
182.000010 -4.042347e-05 
184.000010 -4.809101e-05 
186.000010 -4.249944e-05 
188.000010 -4.398073e-05 
190.000010 1.437703e-04 
192.000010 -3.987457e-05 
194.000010 -5.422197e-05 
196.000010 -3.862651e-05 
198.000010 1.287704e-04 
200.000010 -5.700194e-05 
202.000010 -5.801527e-05 
204.000010 9.962863e-05 
206.000010 -7.685881e-06 
208.000010 -5.526449e-06 
210.000010 -4.698289e-06 
212.000010 -4.227221e-06 
214.000010 -3.913400e-06 
216.000010 -3.685338e-06 
218.000010 -3.510309e-06 
220.000010 -3.371012e-06 
222.000010 -3.257395e-06 
224.000010 -3.163230e-06 
226.000010 -3.084492e-06 
228.000010 -3.018512e-06 
230.000010 -2.963519e-06 
232.000010 -2.918379e-06 
234.000010 -2.882442e-06 
236.000010 -2.855470e-06 
238.000010 -2.837615e-06 
240.000010 -2.829443e-06 
242.000010 -2.832024e-06 
244.000010 -2.847093e-06 
246.000010 -2.877357e-06 
248.000010 -2.927042e-06 
250.000010 -3.002941e-06 
252.000010 -3.116567e-06 
254.000010 -3.289107e-06 
256.000010 -3.564727e-06 
258.000010 -4.056274e-06 
260.000010 -5.187793e-06 
262.000010 -1.181844e-05 
264.000010 1.029987e-04 
266.000010 -2.351544e-05 
268.000010 -5.925552e-05 
270.000010 -2.013073e-05 
272.000010 1.690478e-04 
274.000010 -3.996412e-05 
276.000010 -2.456090e-05 
278.000010 -1.621545e-05 
280.000010 -2.060894e-05 
282.000010 -2.962726e-05 
284.000010 -2.357807e-05 
286.000010 -1.603781e-05 
288.000010 -1.551976e-05 
290.000010 1.710632e-04 
292.000010 -2.414965e-05 
294.000010 -2.002584e-05 
296.000010 -1.512320e-05 
298.000010 -1.396940e-05 
300.000010 -1.603972e-05 
302.000010 -1.964800e-05 
304.000010 -1.997695e-05 
306.000010 -1.634828e-05 
308.000010 -1.347962e-05 
310.000010 -1.289810e-05 
312.000010 1.767589e-04 
314.000010 -1.690959e-05 
316.000010 -1.790346e-05 
318.000010 -1.586898e-05 
320.000010 -1.324139e-05 
322.000010 -1.189619e-05 
324.000010 -1.206276e-05 
326.000010 -1.351108e-05 
328.000010 -1.541267e-05 
330.000010 -1.596857e-05 
332.000010 -1.443281e-05 
334.000010 -1.234658e-05 
336.000010 -1.104467e-05 
338.000010 1.802865e-04 
340.000010 -1.162192e-05 
342.000010 -1.311831e-05 
344.000010 -1.439136e-05 
346.000010 -1.423232e-05 
348.000010 -1.271962e-05 
350.000010 -1.106228e-05 
352.000010 -1.004481e-05 
354.000010 -9.842483e-06 
356.000010 -1.042264e-05 
358.000010 -1.162211e-05 
360.000010 -1.290592e-05 
362.000010 -1.332998e-05 
364.000010 -1.245378e-05 
366.000010 -1.095367e-05 
368.000010 -9.682504e-06 
370.000010 -9.003165e-06 
372.000010 1.821408e-04 
374.000010 -9.565857e-06 
376.000010 -1.067096e-05 
378.000010 -1.189088e-05 
380.000010 -1.246401e-05 
382.000010 -1.188485e-05 
384.000010 -1.056089e-05 
386.000010 -9.254768e-06 
388.000010 -8.386328e-06 
390.000010 -8.058394e-06 
392.000010 -8.274450e-06 
394.000010 -9.020894e-06 
396.000010 -1.019430e-05 
398.000010 -1.139910e-05 
400.000010 -1.190744e-05 
402.000010 -1.128511e-05 
404.000010 -9.957826e-06 
406.000010 -8.644515e-06 
408.000010 -7.729855e-06 
410.000010 1.838093e-04 
412.000010 -7.370401e-06 
414.000010 -7.941616e-06 
416.000010 -9.019395e-06 
418.000010 -1.043637e-05 
420.000010 -1.160284e-05 
422.000010 -1.169174e-05 
424.000010 -1.058368e-05 
426.000010 -9.035371e-06 
428.000010 -7.730357e-06 
430.000010 -6.903916e-06 
432.000010 -6.571066e-06 
434.000010 -6.727852e-06 
436.000010 -7.422312e-06 
438.000010 -8.732002e-06 
440.000010 -1.056729e-05 
442.000010 -1.221067e-05 
444.000010 -1.238574e-05 
446.000010 -1.087272e-05 
448.000010 -8.867872e-06 
450.000010 -7.289049e-06 
452.000010 1.847788e-04 
454.000010 -5.954322e-06 
456.000010 -6.131866e-06 
458.000010 -6.980757e-06 
460.000010 -8.775683e-06 
462.000010 -1.171763e-05 
464.000010 -1.466243e-05 
466.000010 -1.454140e-05 
468.000010 -1.142586e-05 
470.000010 -8.381768e-06 
472.000010 -6.500718e-06 
474.000010 -5.597888e-06 
476.000010 -5.485377e-06 
478.000010 -6.304070e-06 
480.000010 -8.854607e-06 
482.000010 -1.518419e-05 
484.000010 -2.312317e-05 
486.000010 -1.828367e-05 
488.000010 -1.014721e-05 
490.000010 1.847071e-04 
492.000010 -5.125151e-06 
494.000010 -5.693956e-06 
496.000010 -1.245274e-05 
498.000010 -5.415561e-05 
500.000010 -1.836887e-05 
502.000010 -5.191813e-06 
504.000010 -2.927968e-06 
506.000010 -2.122321e-06 
508.000010 -1.723071e-06 
510.000010 -1.485275e-06 
512.000010 -1.326373e-06 
514.000010 -1.211652e-06 
516.000010 -1.124169e-06 
518.000010 -1.054714e-06 
520.000010 -9.978580e-07 
522.000010 -9.501864e-07 
524.000010 -9.094426e-07 
526.000010 -8.740712e-07 
528.000010 -8.429630e-07 
530.000010 -8.153036e-07 
532.000010 -7.904805e-07 
534.000010 -7.680234e-07 
536.000010 -7.475641e-07 
538.000010 -7.288104e-07 
540.000010 -7.115264e-07 
542.000010 -6.955198e-07 
544.000010 -6.806320e-07 
546.000010 -6.667307e-07 
548.000010 -6.537047e-07 
550.000010 -6.414598e-07 
552.000010 -6.299154e-07 
554.000010 -6.190023e-07 
556.000010 -6.086607e-07 
558.000010 -5.988385e-07 
560.000010 -5.894899e-07 
562.000010 -5.805751e-07 
564.000010 -5.720584e-07 
566.000010 -5.639087e-07 
568.000010 -5.560978e-07 
570.000010 -5.486008e-07 
572.000010 -5.413954e-07 
574.000010 -5.344612e-07 
576.000010 -5.277801e-07 
578.000010 -5.213356e-07 
580.000010 -5.151128e-07 
582.000010 -5.090979e-07 
584.000010 -5.032786e-07 
586.000010 -4.976435e-07 
588.000010 -4.921821e-07 
590.000010 -4.868848e-07 
592.000010 -4.817429e-07 
594.000010 -4.767482e-07 
596.000010 -4.718931e-07 
598.000010 -4.671708e-07 
600.000010 -4.625746e-07 
602.000010 -4.580987e-07 
604.000010 -4.537374e-07 
606.000010 -4.494855e-07 
608.000010 -4.453382e-07 
610.000010 -4.412909e-07 
612.000010 -4.373394e-07 
614.000010 -4.334796e-07 
616.000010 -4.297080e-07 
618.000010 -4.260208e-07 
620.000010 -4.224149e-07 
622.000010 -4.188871e-07 
624.000010 -4.154345e-07 
626.000010 -4.120543e-07 
628.000010 -4.087440e-07 
630.000010 -4.055009e-07 
632.000010 -4.023229e-07 
634.000010 -3.992077e-07 
636.000010 -3.961532e-07 
638.000010 -3.931574e-07 
640.000010 -3.902183e-07 
642.000010 -3.873343e-07 
644.000010 -3.845036e-07 
646.000010 -3.817245e-07 
648.000010 -3.789956e-07 
650.000010 -3.763153e-07 
652.000010 -3.736822e-07 
654.000010 -3.710950e-07 
656.000010 -3.685523e-07 
658.000010 -3.660530e-07 
660.000010 -3.635959e-07 
662.000010 -3.611799e-07 
664.000010 -3.588038e-07 
666.000010 -3.564666e-07 
668.000010 -3.541674e-07 
670.000010 -3.519051e-07 
672.000010 -3.496790e-07 
674.000010 -3.474880e-07 
676.000010 -3.453314e-07 
678.000010 -3.432083e-07 
680.000010 -3.411180e-07 
682.000010 -3.390597e-07 
684.000010 -3.370327e-07 
686.000010 -3.350363e-07 
688.000010 -3.330698e-07 
690.000010 -3.311325e-07 
692.000010 -3.292240e-07 
694.000010 -3.273435e-07 
696.000010 -3.254904e-07 
698.000010 -3.236643e-07 
700.000010 -3.218645e-07 
702.000010 -3.200906e-07 
704.000010 -3.183421e-07 
706.000010 -3.166184e-07 
708.000010 -3.149191e-07 
710.000010 -3.132437e-07 
712.000010 -3.115919e-07 
714.000010 -3.099630e-07 
716.000010 -3.083569e-07 
718.000010 -3.067730e-07 
720.000010 -3.052110e-07 
722.000010 -3.036704e-07 
724.000010 -3.021510e-07 
726.000010 -3.006524e-07 
728.000010 -2.991742e-07 
730.000010 -2.977161e-07 
732.000010 -2.962778e-07 
734.000010 -2.948589e-07 
736.000010 -2.934593e-07 
738.000010 -2.920785e-07 
740.000010 -2.907163e-07 
742.000010 -2.893725e-07 
744.000010 -2.880467e-07 
746.000010 -2.867387e-07 
748.000010 -2.854482e-07 
750.000010 -2.841751e-07 
752.000010 -2.829190e-07 
754.000010 -2.816798e-07 
756.000010 -2.804572e-07 
758.000010 -2.792510e-07 
760.000010 -2.780610e-07 
762.000010 -2.768869e-07 
764.000010 -2.757287e-07 
766.000010 -2.745861e-07 
768.000010 -2.734589e-07 
770.000010 -2.723469e-07 
772.000010 -2.712500e-07 
774.000010 -2.701680e-07 
776.000010 -2.691008e-07 
778.000010 -2.680481e-07 
780.000010 -2.670099e-07 
782.000010 -2.659859e-07 
784.000010 -2.649760e-07 
786.000010 -2.639802e-07 
788.000010 -2.629982e-07 
790.000010 -2.620299e-07 
792.000010 -2.610753e-07 
794.000010 -2.601341e-07 
796.000010 -2.592063e-07 
798.000010 -2.582918e-07 
800.000010 -2.573904e-07 
802.000010 -2.565021e-07 
804.000010 -2.556267e-07 
806.000010 -2.547642e-07 
808.000010 -2.539144e-07 
810.000010 -2.530774e-07 
812.000010 -2.522529e-07 
814.000010 -2.514409e-07 
816.000010 -2.506413e-07 
818.000010 -2.498541e-07 
820.000010 -2.490792e-07 
822.000010 -2.483166e-07 
824.000010 -2.475661e-07 
826.000010 -2.468277e-07 
828.000010 -2.461014e-07 
830.000010 -2.453871e-07 
832.000010 -2.446848e-07 
834.000010 -2.439943e-07 
836.000010 -2.433158e-07 
838.000010 -2.426491e-07 
840.000010 -2.419943e-07 
842.000010 -2.413512e-07 
844.000010 -2.407199e-07 
846.000010 -2.401004e-07 
848.000010 -2.394926e-07 
850.000010 -2.388966e-07 
852.000010 -2.383122e-07 
854.000010 -2.377396e-07 
856.000010 -2.371787e-07 
858.000010 -2.366295e-07 
860.000010 -2.360920e-07 
862.000010 -2.355663e-07 
864.000010 -2.350524e-07 
866.000010 -2.345503e-07 
868.000010 -2.340599e-07 
870.000010 -2.335815e-07 
872.000010 -2.331149e-07 
874.000010 -2.326602e-07 
876.000010 -2.322175e-07 
878.000010 -2.317869e-07 
880.000010 -2.313683e-07 
882.000010 -2.309619e-07 
884.000010 -2.305677e-07 
886.000010 -2.301858e-07 
888.000010 -2.298162e-07 
890.000010 -2.294592e-07 
892.000010 -2.291146e-07 
894.000010 -2.287827e-07 
896.000010 -2.284636e-07 
898.000010 1.908852e-04 
900.000010 -2.278640e-07 
902.000010 -2.275839e-07 
904.000010 -2.273169e-07 
906.000010 -2.270634e-07 
908.000010 -2.268234e-07 
910.000010 -2.265971e-07 
912.000010 -2.263847e-07 
914.000010 -2.261863e-07 
916.000010 -2.260022e-07 
918.000010 -2.258325e-07 
920.000010 -2.256774e-07 
922.000010 -2.255373e-07 
924.000010 -2.254122e-07 
926.000010 -2.253024e-07 
928.000010 -2.252083e-07 
930.000010 -2.251300e-07 
932.000010 -2.250679e-07 
934.000010 -2.250223e-07 
936.000010 -2.249934e-07 
938.000010 -2.249817e-07 
940.000010 -2.249874e-07 
942.000010 -2.250109e-07 
944.000010 -2.250526e-07 
946.000010 -2.251130e-07 
948.000010 -2.251924e-07 
950.000010 -2.252913e-07 
952.000010 -2.254102e-07 
954.000010 -2.255496e-07 
956.000010 -2.257100e-07 
958.000010 -2.258920e-07 
960.000010 -2.260961e-07 
962.000010 -2.263230e-07 
964.000010 -2.265733e-07 
966.000010 -2.268478e-07 
968.000010 -2.271471e-07 
970.000010 -2.274721e-07 
972.000010 -2.278235e-07 
974.000010 -2.282022e-07 
976.000010 -2.286092e-07 
978.000010 -2.290453e-07 
980.000010 -2.295117e-07 
982.000010 -2.300095e-07 
984.000010 -2.305397e-07 
986.000010 -2.311037e-07 
988.000010 -2.317028e-07 
990.000010 -2.323383e-07 
992.000010 -2.330117e-07 
994.000010 -2.337247e-07 
996.000010 -2.344789e-07 
998.000010 -2.352762e-07 
1000.000010 -2.361185e-07 
1002.000010 -2.370078e-07 
1004.000010 -2.379466e-07 
1006.000010 -2.389370e-07 
1008.000010 -2.399818e-07 
1010.000010 -2.410837e-07 
1012.000010 -2.422456e-07 
1014.000010 -2.434710e-07 
1016.000010 -2.447631e-07 
1018.000010 -2.461259e-07 
1020.000010 -2.475635e-07 
1022.000010 -2.490803e-07 
1024.000010 -2.506811e-07 
1026.000010 -2.523714e-07 
1028.000010 -2.541569e-07 
1030.000010 -2.560440e-07 
1032.000010 -2.580395e-07 
1034.000010 -2.601513e-07 
1036.000010 -2.623877e-07 
1038.000010 -2.647580e-07 
1040.000010 -2.672726e-07 
1042.000010 -2.699429e-07 
1044.000010 -2.727817e-07 
1046.000010 -2.758032e-07 
1048.000010 -2.790235e-07 
1050.000010 -2.824603e-07 
1052.000010 -2.861340e-07 
1054.000010 -2.900673e-07 
1056.000010 -2.942861e-07 
1058.000010 -2.988202e-07 
1060.000010 -3.037031e-07 
1062.000010 -3.089740e-07 
1064.000010 -3.146775e-07 
1066.000010 -3.208658e-07 
1068.000010 -3.275996e-07 
1070.000010 -3.349500e-07 
1072.000010 -3.430012e-07 
1074.000010 -3.518528e-07 
1076.000010 -3.616238e-07 
1078.000010 -3.724577e-07 
1080.000010 -3.845284e-07 
1082.000010 -3.980484e-07 
1084.000010 -4.132801e-07 
1086.000010 -4.305504e-07 
1088.000010 -4.502710e-07 
1090.000010 -4.729661e-07 
1092.000010 -4.993124e-07 
1094.000010 -5.301945e-07 
1096.000010 -5.667880e-07 
1098.000010 -6.106813e-07 
1100.000010 -6.640619e-07 
1102.000010 -7.300082e-07 
1104.000010 -8.129580e-07 
1106.000010 -9.194867e-07 
1108.000010 -1.059648e-06 
1110.000010 -1.249375e-06 
1112.000010 -1.514972e-06 
1114.000010 -1.901906e-06 
1116.000010 -2.492727e-06 
1118.000010 -3.444064e-06 
1120.000010 -5.055560e-06 
1122.000010 -7.816363e-06 
1124.000010 -1.183592e-05 
1126.000010 -1.448142e-05 
1128.000010 -1.230663e-05 
1130.000010 -8.251201e-06 
1132.000010 -5.349800e-06 
1134.000010 -3.654905e-06 
1136.000010 -2.666783e-06 
1138.000010 -2.064619e-06 
1140.000010 -1.679980e-06 
1142.000010 -1.424501e-06 
1144.000010 -1.249860e-06 
1146.000010 -1.128344e-06 
1148.000010 -1.043348e-06 
1150.000010 -9.845419e-07 
1152.000010 -9.453141e-07 
1154.000010 -9.213446e-07 
1156.000010 -9.097897e-07 
1158.000010 -9.087961e-07 
1160.000010 -9.172050e-07 
1162.000010 -9.343708e-07 
1164.000010 -9.600493e-07 
1166.000010 -9.943314e-07 
1168.000010 -1.037607e-06 
1170.000010 -1.090552e-06 
1172.000010 -1.154122e-06 
1174.000010 -1.229570e-06 
1176.000010 -1.318447e-06 
1178.000010 -1.422614e-06 
1180.000010 -1.544215e-06 
1182.000010 -1.685616e-06 
1184.000010 -1.849243e-06 
1186.000010 -2.037276e-06 
1188.000010 -2.251099e-06 
1190.000010 -2.490410e-06 
1192.000010 -2.751919e-06 
1194.000010 -3.027704e-06 
1196.000010 -3.303613e-06 
1198.000010 -3.558607e-06 
1200.000010 -3.766366e-06 
1202.000010 -3.900112e-06 
1204.000010 -3.939957e-06 
1206.000010 -3.879673e-06 
1208.000010 -3.729020e-06 
1210.000010 -3.510134e-06 
1212.000010 -3.250255e-06 
1214.000010 1.881386e-04 
1216.000010 -2.703142e-06 
1218.000010 -2.447951e-06 
1220.000010 -2.215864e-06 
1222.000010 -2.009302e-06 
1224.000010 -1.828031e-06 
1226.000010 -1.670356e-06 
1228.000010 -1.533930e-06 
1230.000010 -1.416230e-06 
1232.000010 -1.314823e-06 
1234.000010 -1.227494e-06 
1236.000010 -1.152288e-06 
1238.000010 -1.087518e-06 
1240.000010 -1.031744e-06 
1242.000010 -9.837490e-07 
1244.000010 -9.425060e-07 
1246.000010 -9.071528e-07 
1248.000010 -8.769660e-07 
1250.000010 -8.513390e-07 
1252.000010 -8.297640e-07 
1254.000010 -8.118158e-07 
1256.000010 -7.971392e-07 
1258.000010 -7.854378e-07 
1260.000010 -7.764656e-07 
1262.000010 -7.700194e-07 
1264.000010 -7.659327e-07 
1266.000010 -7.640708e-07 
1268.000010 -7.643268e-07 
1270.000010 -7.666179e-07 
1272.000010 -7.708827e-07 
1274.000010 -7.770791e-07 
1276.000010 -7.851817e-07 
1278.000010 -7.951807e-07 
1280.000010 -8.070799e-07 
1282.000010 -8.208954e-07 
1284.000010 -8.366543e-07 
1286.000010 -8.543932e-07 
1288.000010 -8.741568e-07 
1290.000010 -8.959960e-07 
1292.000010 -9.199660e-07 
1294.000010 -9.461236e-07 
1296.000010 -9.745248e-07 
1298.000010 -1.005220e-06 
1300.000010 -1.038252e-06 
1302.000010 -1.073646e-06 
1304.000010 -1.111407e-06 
1306.000010 -1.151513e-06 
1308.000010 -1.193899e-06 
1310.000010 -1.238455e-06 
1312.000010 -1.285009e-06 
1314.000010 -1.333317e-06 
1316.000010 -1.383049e-06 
1318.000010 -1.433779e-06 
1320.000010 -1.484977e-06 
1322.000010 -1.535999e-06 
1324.000010 -1.586092e-06 
1326.000010 -1.634399e-06 
1328.000010 -1.679979e-06 
1330.000010 -1.721833e-06 
1332.000010 -1.758949e-06 
1334.000010 -1.790345e-06 
1336.000010 -1.815128e-06 
1338.000010 -1.832552e-06 
1340.000010 -1.842066e-06 
1342.000010 -1.843357e-06 
1344.000010 -1.836375e-06 
1346.000010 -1.821334e-06 
1348.000010 -1.798697e-06 
1350.000010 -1.769141e-06 
1352.000010 -1.733506e-06 
1354.000010 -1.692742e-06 
1356.000010 -1.647851e-06 
1358.000010 -1.599834e-06 
1360.000010 -1.549651e-06 
1362.000010 -1.498184e-06 
1364.000010 -1.446217e-06 
1366.000010 -1.394426e-06 
1368.000010 -1.343371e-06 
1370.000010 -1.293508e-06 
1372.000010 -1.245187e-06 
1374.000010 -1.198672e-06 
1376.000010 -1.154146e-06 
1378.000010 -1.111729e-06 
1380.000010 -1.071484e-06 
1382.000010 -1.033431e-06 
1384.000010 -9.975590e-07 
1386.000010 -9.638272e-07 
1388.000010 -9.321779e-07 
1390.000010 -9.025389e-07 
1392.000010 -8.748295e-07 
1394.000010 -8.489634e-07 
1396.000010 -8.248515e-07 
1398.000010 -8.024044e-07 
1400.000010 -7.815339e-07 
1402.000010 -7.621540e-07 
1404.000010 -7.441818e-07 
1406.000010 -7.275385e-07 
1408.000010 -7.121490e-07 
1410.000010 -6.979427e-07 
1412.000010 -6.848533e-07 
1414.000010 -6.728188e-07 
1416.000010 -6.617816e-07 
1418.000010 -6.516882e-07 
1420.000010 -6.424889e-07 
1422.000010 -6.341380e-07 
1424.000010 -6.265931e-07 
1426.000010 -6.198156e-07 
1428.000010 -6.137697e-07 
1430.000010 -6.084227e-07 
1432.000010 -6.037449e-07 
1434.000010 -5.997090e-07 
1436.000010 -5.962901e-07 
1438.000010 -5.934658e-07 
1440.000010 -5.912156e-07 
1442.000010 -5.895212e-07 
1444.000010 -5.883659e-07 
1446.000010 -5.877347e-07 
1448.000010 -5.876144e-07 
1450.000010 -5.879931e-07 
1452.000010 -5.888602e-07 
1454.000010 -5.902063e-07 
1456.000010 -5.920233e-07 
1458.000010 -5.943039e-07 
1460.000010 -5.970418e-07 
1462.000010 -6.002316e-07 
1464.000010 -6.038684e-07 
1466.000010 -6.079481e-07 
1468.000010 -6.124670e-07 
1470.000010 -6.174218e-07 
1472.000010 -6.228095e-07 
1474.000010 -6.286272e-07 
1476.000010 -6.348721e-07 
1478.000010 -6.415413e-07 
1480.000010 -6.486315e-07 
1482.000010 -6.561393e-07 
1484.000010 -6.640604e-07 
1486.000010 -6.723901e-07 
1488.000010 -6.811225e-07 
1490.000010 -6.902509e-07 
1492.000010 -6.997670e-07 
1494.000010 -7.096612e-07 
1496.000010 -7.199219e-07 
1498.000010 -7.305359e-07 
1500.000010 -7.414873e-07 
1502.000010 -7.527581e-07 
1504.000010 -7.643273e-07 
1506.000010 -7.761711e-07 
1508.000010 -7.882625e-07 
1510.000010 -8.005708e-07 
1512.000010 -8.130618e-07 
1514.000010 -8.256976e-07 
1516.000010 -8.384362e-07 
1518.000010 -8.512315e-07 
1520.000010 -8.640334e-07 
1522.000010 -8.767876e-07 
1524.000010 -8.894361e-07 
1526.000010 -9.019171e-07 
1528.000010 -9.141652e-07 
1530.000010 -9.261123e-07 
1532.000010 -9.376875e-07 
1534.000010 -9.488184e-07 
1536.000010 -9.594313e-07 
1538.000010 -9.694523e-07 
1540.000010 -9.788083e-07 
1542.000010 -9.874279e-07 
1544.000010 -9.952425e-07 
1546.000010 -1.002187e-06 
1548.000010 -1.008203e-06 
1550.000010 -1.013236e-06 
1552.000010 -1.017240e-06 
1554.000010 -1.020176e-06 
1556.000010 -1.022015e-06 
1558.000010 -1.022736e-06 
1560.000010 -1.022330e-06 
1562.000010 -1.020794e-06 
1564.000010 -1.018140e-06 
1566.000010 -1.014386e-06 
1568.000010 -1.009560e-06 
1570.000010 -1.003700e-06 
1572.000010 -9.968511e-07 
1574.000010 -9.890653e-07 
1576.000010 -9.804011e-07 
1578.000010 -9.709218e-07 
1580.000010 -9.606945e-07 
1582.000010 -9.497893e-07 
1584.000010 -9.382775e-07 
1586.000010 -9.262317e-07 
1588.000010 -9.137236e-07 
1590.000010 -9.008242e-07 
1592.000010 1.902257e-04 
1594.000010 -8.741243e-07 
1596.000010 -8.604535e-07 
1598.000010 -8.466495e-07 
1600.000010 -8.327685e-07 
1602.000010 -8.188623e-07 
1604.000010 -8.049788e-07 
1606.000010 -7.911615e-07 
1608.000010 -7.774500e-07 
1610.000010 -7.638795e-07 
1612.000010 -7.504816e-07 
1614.000010 -7.372837e-07 
1616.000010 -7.243101e-07 
1618.000010 -7.115813e-07 
1620.000010 -6.991149e-07 
1622.000010 -6.869256e-07 
1624.000010 -6.750253e-07 
1626.000010 -6.634236e-07 
1628.000010 -6.521277e-07 
1630.000010 -6.411431e-07 
1632.000010 -6.304732e-07 
1634.000010 -6.201202e-07 
1636.000010 -6.100846e-07 
1638.000010 -6.003658e-07 
1640.000010 -5.909622e-07 
1642.000010 -5.818711e-07 
1644.000010 -5.730892e-07 
1646.000010 -5.646126e-07 
1648.000010 -5.564365e-07 
1650.000010 -5.485560e-07 
1652.000010 -5.409656e-07 
1654.000010 -5.336598e-07 
1656.000010 -5.266325e-07 
1658.000010 -5.198778e-07 
1660.000010 -5.133893e-07 
1662.000010 -5.071609e-07 
1664.000010 -5.011863e-07 
1666.000010 -4.954593e-07 
1668.000010 -4.899735e-07 
1670.000010 -4.847230e-07 
1672.000010 -4.797016e-07 
1674.000010 -4.749033e-07 
1676.000010 -4.703224e-07 
1678.000010 -4.659531e-07 
1680.000010 -4.617898e-07 
1682.000010 -4.578273e-07 
1684.000010 -4.540601e-07 
1686.000010 -4.504833e-07 
1688.000010 -4.470919e-07 
1690.000010 -4.438811e-07 
1692.000010 -4.408464e-07 
1694.000010 -4.379832e-07 
1696.000010 -4.352874e-07 
1698.000010 -4.327548e-07 
1700.000010 -4.303814e-07 
1702.000010 -4.281635e-07 
1704.000010 -4.260974e-07 
1706.000010 -4.241796e-07 
1708.000010 -4.224067e-07 
1710.000010 -4.207756e-07 
1712.000010 -4.192831e-07 
1714.000010 -4.179263e-07 
1716.000010 -4.167024e-07 
1718.000010 -4.156086e-07 
1720.000010 -4.146424e-07 
1722.000010 -4.138012e-07 
1724.000010 -4.130828e-07 
1726.000010 -4.124849e-07 
1728.000010 -4.120052e-07 
1730.000010 -4.116418e-07 
1732.000010 -4.113925e-07 
1734.000010 -4.112556e-07 
1736.000010 -4.112291e-07 
1738.000010 -4.113113e-07 
1740.000010 -4.115005e-07 
1742.000010 -4.117951e-07 
1744.000010 -4.121935e-07 
1746.000010 -4.126942e-07 
1748.000010 -4.132956e-07 
1750.000010 -4.139965e-07 
1752.000010 -4.147952e-07 
1754.000010 -4.156906e-07 
1756.000010 -4.166811e-07 
1758.000010 -4.177656e-07 
1760.000010 -4.189427e-07 
1762.000010 -4.202111e-07 
1764.000010 -4.215694e-07 
1766.000010 -4.230165e-07 
1768.000010 -4.245509e-07 
1770.000010 -4.261713e-07 
1772.000010 -4.278765e-07 
1774.000010 -4.296650e-07 
1776.000010 -4.315355e-07 
1778.000010 -4.334864e-07 
1780.000010 -4.355163e-07 
1782.000010 -4.376237e-07 
1784.000010 -4.398069e-07 
1786.000010 -4.420643e-07 
1788.000010 -4.443941e-07 
1790.000010 -4.467946e-07 
1792.000010 -4.492639e-07 
1794.000010 -4.517999e-07 
1796.000010 -4.544005e-07 
1798.000010 -4.570636e-07 
1800.000010 -4.597869e-07 
1802.000010 -4.625678e-07 
1804.000010 -4.654040e-07 
1806.000010 -4.682927e-07 
1808.000010 -4.712310e-07 
1810.000010 -4.742161e-07 
1812.000010 -4.772448e-07 
1814.000010 -4.803138e-07 
1816.000010 -4.834198e-07 
1818.000010 -4.865591e-07 
1820.000010 -4.897281e-07 
1822.000010 -4.929227e-07 
1824.000010 -4.961390e-07 
1826.000010 -4.993726e-07 
1828.000010 -5.026192e-07 
1830.000010 -5.058742e-07 
1832.000010 -5.091327e-07 
1834.000010 -5.123900e-07 
1836.000010 -5.156408e-07 
1838.000010 -5.188800e-07 
1840.000010 -5.221021e-07 
1842.000010 -5.253016e-07 
1844.000010 -5.284728e-07 
1846.000010 -5.316099e-07 
1848.000010 -5.347071e-07 
1850.000010 -5.377582e-07 
1852.000010 -5.407573e-07 
1854.000010 -5.436980e-07 
1856.000010 -5.465743e-07 
1858.000010 -5.493799e-07 
1860.000010 -5.521084e-07 
1862.000010 -5.547537e-07 
1864.000010 -5.573095e-07 
1866.000010 -5.597696e-07 
1868.000010 -5.621281e-07 
1870.000010 -5.643788e-07 
1872.000010 -5.665160e-07 
1874.000010 -5.685339e-07 
1876.000010 -5.704270e-07 
1878.000010 -5.721901e-07 
1880.000010 -5.738181e-07 
1882.000010 -5.753062e-07 
1884.000010 -5.766498e-07 
1886.000010 -5.778448e-07 
1888.000010 -5.788872e-07 
1890.000010 -5.797736e-07 
1892.000010 -5.805008e-07 
1894.000010 -5.810660e-07 
1896.000010 -5.814669e-07 
1898.000010 -5.817015e-07 
1900.000010 -5.817682e-07 
1902.000010 -5.816662e-07 
1904.000010 -5.813945e-07 
1906.000010 -5.809532e-07 
1908.000010 -5.803425e-07 
1910.000010 -5.795629e-07 
1912.000010 -5.786158e-07 
1914.000010 -5.775025e-07 
1916.000010 -5.762252e-07 
1918.000010 -5.747862e-07 
1920.000010 -5.731883e-07 
1922.000010 -5.714345e-07 
1924.000010 -5.695286e-07 
1926.000010 -5.674742e-07 
1928.000010 -5.652755e-07 
1930.000010 -5.629370e-07 
1932.000010 -5.604634e-07 
1934.000010 -5.578596e-07 
1936.000010 -5.551308e-07 
1938.000010 -5.522823e-07 
1940.000010 -5.493197e-07 
1942.000010 -5.462486e-07 
1944.000010 -5.430746e-07 
1946.000010 -5.398037e-07 
1948.000010 -5.364417e-07 
1950.000010 -5.329946e-07 
1952.000010 -5.294682e-07 
1954.000010 -5.258684e-07 
1956.000010 -5.222013e-07 
1958.000010 -5.184725e-07 
1960.000010 -5.146878e-07 
1962.000010 -5.108528e-07 
1964.000010 -5.069733e-07 
1966.000010 -5.030545e-07 
1968.000010 -4.991017e-07 
1970.000010 -4.951203e-07 
1972.000010 -4.911151e-07 
1974.000010 -4.870911e-07 
1976.000010 -4.830528e-07 
1978.000010 -4.790049e-07 
1980.000010 -4.749517e-07 
1982.000010 -4.708973e-07 
1984.000010 -4.668458e-07 
1986.000010 -4.628008e-07 
1988.000010 -4.587661e-07 
1990.000010 -4.547450e-07 
1992.000010 -4.507408e-07 
1994.000010 -4.467565e-07 
1996.000010 -4.427951e-07 
1998.000010 -4.388592e-07 
