lamda	 Trans	 TransPhase	 Ref	 RefPhase
2.000010 9.985003e-01 -4.116021 0.001500 -94.050322 
4.000010 7.919470e-10 179.906929 1.000000 179.923354 
6.000010 3.427961e-05 124.950256 0.999966 -25.042444 
8.000010 6.409140e-01 129.788644 0.359086 174.792750 
10.000010 1.790074e-08 -145.943453 1.000000 -163.940825 
12.000010 6.757355e-01 -176.616007 0.324264 63.385818 
14.000010 9.490055e-01 -113.785045 0.050995 -100.926561 
16.000010 1.339977e-07 -46.074748 1.000000 21.426278 
18.000010 9.828912e-01 30.465767 0.017109 100.466578 
20.000010 1.283053e-01 -84.260782 0.871695 131.739875 
22.000010 2.905690e-01 106.698998 0.709431 -97.845914 
24.000010 6.561730e-09 -147.987811 1.000000 -72.987355 
26.000010 6.189534e-01 -15.908385 0.381047 -36.677227 
28.000010 9.237174e-07 -26.160368 0.999999 -154.731461 
30.000010 1.095153e-09 -49.077425 1.000000 64.922867 
32.000010 8.213147e-01 5.415027 0.178685 -5.834716 
34.000010 9.499076e-01 -41.358526 0.050092 175.700525 
36.000010 4.037183e-08 138.321042 1.000000 38.321244 
38.000010 7.558190e-01 -74.706974 0.244181 -136.285739 
40.000010 2.339314e-06 55.393738 0.999998 -151.606098 
42.000010 4.371999e-01 42.735624 0.562800 47.021487 
44.000010 9.990266e-01 -78.868986 0.000973 -46.141578 
46.000010 9.084834e-10 -110.284934 1.000000 -51.589157 
48.000010 6.068098e-01 145.587877 0.393190 -131.912009 
50.000010 7.917172e-01 53.266244 0.208283 157.666349 
52.000010 4.050606e-06 -150.283259 0.999996 154.332223 
54.000010 1.114318e-08 95.335428 1.000000 58.668851 
56.000010 9.901772e-01 -85.894301 0.009823 74.820069 
58.000010 8.132364e-01 131.851265 0.186764 -51.252105 
60.000010 5.202433e-01 -8.942036 0.479757 3.058037 
62.000010 5.697114e-09 67.673340 1.000000 -86.197559 
64.000010 1.196596e-08 -9.255422 1.000000 -149.880357 
66.000010 4.357121e-01 105.166912 0.564288 156.985154 
68.000010 9.671731e-01 150.993827 0.032827 -145.476704 
70.000010 8.270561e-01 -73.603625 0.172944 -179.032142 
72.000010 6.073813e-01 71.476060 0.392619 156.476110 
74.000010 2.503965e-04 18.374539 0.999750 113.239452 
76.000010 1.793942e-09 -48.953845 1.000000 55.256727 
78.000010 2.695047e-09 -99.724714 1.000000 13.352253 
80.000010 2.118275e-04 -161.297582 0.999788 -39.797541 
82.000010 9.913157e-01 -108.465257 0.008684 21.046978 
84.000010 6.703374e-01 172.874063 0.329663 -49.983042 
86.000010 6.941501e-01 148.909366 0.305850 -66.671994 
88.000010 6.825683e-01 142.600795 0.317432 -66.035535 
90.000010 6.229485e-01 140.593079 0.377051 -61.406888 
92.000010 4.305925e-01 122.327710 0.569407 -73.324433 
94.000010 1.061592e-03 -79.852703 0.998938 -89.427141 
96.000010 2.397868e-08 -129.354409 1.000000 -133.104381 
98.000010 1.040668e-09 -162.627481 1.000000 -160.790719 
100.000010 1.265174e-09 166.865794 1.000000 174.065820 
102.000010 3.140745e-08 135.887409 1.000000 148.240375 
104.000010 1.341982e-04 96.455902 0.999866 113.763618 
106.000010 5.510894e-01 34.699682 0.448911 56.775177 
108.000010 5.399089e-01 72.785608 0.460091 99.452297 
110.000010 8.346701e-01 -171.309317 0.165330 39.781614 
112.000010 9.821062e-01 -52.047793 0.017894 163.309371 
114.000010 8.253963e-01 86.940396 0.174604 126.414100 
116.000010 7.288694e-01 -120.157090 0.271131 103.291205 
118.000010 6.837364e-01 39.846934 0.316264 87.135088 
120.000010 6.553688e-01 -156.465885 0.344631 74.534133 
122.000010 6.323122e-01 8.170431 0.367688 62.760613 
124.000010 6.409843e-01 169.530677 0.359016 47.595210 
126.000010 8.894063e-01 -49.388905 0.110594 12.039683 
128.000010 1.478764e-01 15.718676 0.852124 80.406192 
130.000010 1.375806e-05 158.696556 0.999986 46.542725 
132.000010 9.452542e-08 135.090298 1.000000 25.999404 
134.000010 6.141185e-09 116.198363 1.000000 10.078975 
136.000010 1.402106e-09 99.211635 1.000000 -4.023645 
138.000010 8.040767e-10 83.234748 1.000000 -17.200021 
140.000010 1.004482e-09 67.789770 1.000000 -29.924502 
142.000010 2.619956e-09 52.505796 1.000000 -42.564614 
144.000010 1.492154e-08 36.962815 1.000000 -55.537172 
146.000010 2.223607e-07 20.458962 1.000000 -69.541026 
148.000010 1.532303e-05 1.091354 0.999985 -86.476202 
150.000010 9.799606e-01 -128.422670 0.020039 -33.622658 
152.000010 3.004361e-01 -21.693396 0.699564 -104.588122 
154.000010 5.127974e-01 169.089494 0.487203 -91.559845 
156.000010 9.541689e-01 33.272596 0.045831 -45.188931 
158.000010 7.360308e-01 -81.742093 0.263969 -158.071196 
160.000010 6.178878e-01 147.090029 0.382112 -107.159961 
162.000010 9.962191e-01 36.397392 0.003781 -35.824821 
164.000010 6.831843e-01 -66.663584 0.316816 -136.907477 
166.000010 8.879923e-01 -178.977648 0.112008 -67.290892 
168.000010 7.786813e-01 91.220650 0.221319 -155.207912 
170.000010 8.296367e-01 -16.285039 0.170363 -80.873266 
172.000010 8.194385e-01 -100.354653 0.180562 -163.145342 
174.000010 8.221151e-01 157.063946 0.177885 -83.970528 
176.000010 8.055347e-01 77.193454 0.194465 -162.124719 
178.000010 8.481435e-01 -21.822418 0.151857 -79.462859 
180.000010 7.506572e-01 -98.547641 0.249343 -154.547633 
182.000010 9.055311e-01 165.758875 0.094469 -68.636721 
184.000010 6.752953e-01 89.613232 0.324705 -143.212847 
186.000010 9.766436e-01 -0.975756 0.023356 -52.266071 
188.000010 6.051703e-01 -81.031901 0.394830 -130.819127 
190.000010 9.943043e-01 -163.878352 0.005696 147.805866 
192.000010 5.519395e-01 106.941530 0.448060 -119.933463 
194.000010 9.014578e-01 31.829840 0.098542 166.365929 
196.000010 4.871223e-01 -70.308028 0.512878 -114.389654 
198.000010 7.954488e-01 -143.068753 0.204551 174.203981 
200.000010 3.232883e-01 99.495992 0.676712 -121.904001 
202.000010 9.910740e-01 -7.878508 0.008926 -47.977512 
204.000010 2.350991e-01 -117.161816 0.764901 -155.985339 
206.000010 7.286203e-04 70.508534 0.999271 -147.064275 
208.000010 1.926614e-05 56.030647 0.999981 -160.315500 
210.000010 1.695589e-06 45.620480 0.999998 -169.522371 
212.000010 2.716648e-07 36.770318 1.000000 -177.191940 
214.000010 6.439093e-08 28.807507 1.000000 176.003774 
216.000010 2.036965e-08 21.435840 1.000000 169.769179 
218.000010 8.094335e-09 14.493773 1.000000 163.943319 
220.000010 3.883979e-09 7.881406 1.000000 158.426866 
222.000010 2.189601e-09 1.531434 1.000000 153.153061 
224.000010 1.421695e-09 -4.604516 1.000000 148.074060 
226.000010 1.047487e-09 -10.563090 1.000000 143.153729 
228.000010 8.659373e-10 -16.373345 1.000000 138.363502 
230.000010 7.962847e-10 -22.059312 1.000000 133.679823 
232.000010 8.091766e-10 -27.641690 1.000000 129.082453 
234.000010 9.042713e-10 -33.139036 1.000000 124.553276 
236.000010 1.107540e-09 -38.568689 1.000000 120.075384 
238.000010 1.483656e-09 -43.947535 1.000000 115.632301 
240.000010 2.172169e-09 -49.292748 1.000000 111.207257 
242.000010 3.477775e-09 -54.622567 1.000000 106.782396 
244.000010 6.101983e-09 -59.957247 1.000000 102.337839 
246.000010 1.177850e-08 -65.320313 1.000000 97.850423 
248.000010 2.516678e-08 -70.740388 1.000000 93.291875 
250.000010 6.007278e-08 -76.254054 1.000000 88.625950 
252.000010 1.623844e-07 -81.910691 1.000000 83.803599 
254.000010 5.073319e-07 -87.781365 0.999999 78.754072 
256.000010 1.891434e-06 -93.977053 0.999998 73.366701 
258.000010 8.879621e-06 -100.691926 0.999991 67.447613 
260.000010 5.817322e-05 -108.332725 0.999942 60.590356 
262.000010 6.826580e-04 -118.104965 0.999317 51.589695 
264.000010 4.494204e-02 -140.367353 0.955058 30.087197 
266.000010 1.321997e-01 53.651129 0.867800 44.854140 
268.000010 4.515816e-01 9.355124 0.548418 1.295426 
270.000010 4.844656e-01 -102.264441 0.515534 70.402230 
272.000010 2.953886e-01 -140.184684 0.704611 33.197672 
274.000010 6.477543e-01 178.250394 0.352246 -7.662011 
276.000010 8.675614e-01 102.970024 0.132439 97.752636 
278.000010 4.629995e-01 56.704677 0.537001 52.172307 
280.000010 4.673940e-01 26.159645 0.532606 22.302505 
282.000010 7.832365e-01 -12.661394 0.216764 -15.852880 
284.000010 9.649417e-01 -68.470229 0.035058 108.994563 
286.000010 6.441627e-01 -112.884222 0.355837 65.227669 
288.000010 5.327267e-01 -143.094634 0.467273 35.655369 
290.000010 6.387970e-01 -172.329196 0.361203 7.050118 
292.000010 9.126230e-01 149.902311 0.087377 -30.097686 
294.000010 9.595869e-01 104.411640 0.040413 105.023888 
296.000010 7.260132e-01 66.688981 0.273987 67.905200 
298.000010 6.089353e-01 38.201431 0.391065 40.013514 
300.000010 6.500637e-01 11.887285 0.349936 14.287288 
302.000010 8.276584e-01 -18.326712 0.172342 -15.346577 
304.000010 9.956317e-01 -55.337621 0.004368 -51.784987 
306.000010 9.061368e-01 -92.968176 0.093863 91.149474 
308.000010 7.303536e-01 -123.763409 0.269646 60.911918 
310.000010 6.537501e-01 -149.154949 0.346250 36.070860 
312.000010 6.928698e-01 -173.451094 0.307130 12.318140 
314.000010 8.319888e-01 159.509437 0.168011 -14.184828 
316.000010 9.812344e-01 127.656870 0.018766 -45.507685 
318.000010 9.641755e-01 93.932134 0.035824 101.290627 
320.000010 8.179511e-01 64.039762 0.182049 71.914765 
322.000010 7.068819e-01 39.096966 0.293118 47.482061 
324.000010 6.833905e-01 16.688130 0.316610 25.577021 
326.000010 7.469019e-01 -6.034479 0.253098 3.352027 
328.000010 8.771489e-01 -31.485282 0.122851 -21.607230 
330.000010 9.898698e-01 -60.518113 0.010130 -50.154474 
332.000010 9.670748e-01 -90.598100 0.032925 100.245275 
334.000010 8.428679e-01 -117.785165 0.157132 73.532202 
336.000010 7.354768e-01 -141.042400 0.264523 50.743317 
338.000010 6.943345e-01 -161.847237 0.305665 30.401286 
340.000010 7.243645e-01 177.758239 0.275635 10.464124 
342.000010 8.180792e-01 155.866033 0.181921 -10.976070 
344.000010 9.393934e-01 131.155094 0.060607 -35.240252 
346.000010 1.000000e+00 104.046105 0.000000 118.092350 
348.000010 9.406294e-01 77.236691 0.059371 91.719452 
350.000010 8.234407e-01 53.276765 0.176559 68.191053 
352.000010 7.311576e-01 32.438760 0.268842 47.779671 
354.000010 6.945417e-01 13.517363 0.305458 29.280077 
356.000010 7.171017e-01 -5.022912 0.282898 11.156865 
358.000010 7.946634e-01 -24.656028 0.205337 -8.063847 
360.000010 9.061651e-01 -46.548581 0.093835 -29.548579 
362.000010 9.912072e-01 -70.859447 0.008793 -53.456130 
364.000010 9.794723e-01 -95.969126 0.020528 101.833074 
366.000010 8.823380e-01 -119.428293 0.117662 78.768430 
368.000010 7.738554e-01 -140.061709 0.226145 58.525249 
370.000010 7.024041e-01 -158.300631 0.297596 40.672344 
372.000010 6.810211e-01 -175.259883 0.318979 24.094957 
374.000010 7.104140e-01 167.838590 0.289586 7.571212 
376.000010 7.874237e-01 149.819395 0.212576 -10.074220 
378.000010 8.952601e-01 129.718512 0.104740 -29.805296 
380.000010 9.843579e-01 107.319667 0.015642 -51.838226 
382.000010 9.891644e-01 83.841217 0.010836 105.045407 
384.000010 9.041846e-01 61.453731 0.095815 83.016233 
386.000010 7.912597e-01 41.560198 0.208740 63.477299 
388.000010 7.030310e-01 24.127003 0.296969 46.395046 
390.000010 6.579147e-01 8.329686 0.342085 30.945072 
392.000010 6.583426e-01 -6.849902 0.341657 16.109284 
394.000010 7.040685e-01 -22.436474 0.295931 0.863021 
396.000010 7.922291e-01 -39.429121 0.207771 -15.792756 
398.000010 9.044860e-01 -58.632120 0.095514 -34.662269 
400.000010 9.891837e-01 -80.104584 0.010816 -55.804582 
402.000010 9.837405e-01 -102.534609 0.016259 102.092259 
404.000010 8.891792e-01 -123.792362 0.110821 81.158135 
406.000010 7.687527e-01 -142.549908 0.231247 62.721029 
408.000010 6.729002e-01 -158.833572 0.327100 46.754665 
410.000010 6.182040e-01 -173.394292 0.381796 32.508149 
412.000010 6.060325e-01 172.847139 0.393967 19.060733 
414.000010 6.362406e-01 158.963523 0.363759 5.485263 
416.000010 7.099965e-01 144.003910 0.290003 -9.169166 
418.000010 8.225520e-01 127.014084 0.177448 -25.856728 
420.000010 9.428233e-01 107.355112 0.057177 -45.216315 
422.000010 9.999953e-01 85.498854 0.000005 -66.776026 
424.000010 9.421096e-01 63.475142 0.057890 91.494012 
426.000010 8.106013e-01 43.538685 0.189399 71.848545 
428.000010 6.808273e-01 26.518766 0.319173 55.116898 
430.000010 5.893745e-01 11.957100 0.410626 40.840822 
432.000010 5.415714e-01 -1.047799 0.458429 28.118869 
434.000010 5.350250e-01 -13.425709 0.464975 16.021297 
436.000010 5.701191e-01 -26.098957 0.429881 3.625815 
438.000010 6.515648e-01 -40.080359 0.348435 -10.080357 
440.000010 7.808670e-01 -56.528822 0.219133 -26.256093 
442.000010 9.283997e-01 -76.434415 0.071600 -45.891427 
444.000010 9.999582e-01 -99.435636 0.000042 111.375177 
446.000010 9.167985e-01 -122.766643 0.083201 88.309591 
448.000010 7.460783e-01 -143.247576 0.253922 68.091711 
450.000010 5.923642e-01 -159.951977 0.407636 51.648024 
452.000010 4.910648e-01 -173.682351 0.508935 38.176057 
454.000010 4.389930e-01 174.385195 0.561007 26.499733 
456.000010 4.291562e-01 163.169045 0.570844 15.537468 
458.000010 4.619110e-01 151.618456 0.538089 4.238544 
460.000010 5.479229e-01 138.468811 0.452077 -8.661622 
462.000010 7.042074e-01 121.938066 0.295793 -24.945050 
464.000010 9.101096e-01 99.865578 0.089890 -46.772352 
466.000010 9.951352e-01 72.245968 0.004865 105.851120 
468.000010 8.161474e-01 44.854345 0.183853 78.700500 
470.000010 5.720829e-01 23.331471 0.427917 57.416579 
472.000010 4.087821e-01 7.542744 0.591218 41.864779 
474.000010 3.225045e-01 -4.702652 0.677496 29.854311 
476.000010 2.887782e-01 -15.247388 0.711222 19.542529 
478.000010 2.985360e-01 -25.580186 0.701464 9.440736 
480.000010 3.645019e-01 -37.455156 0.635498 -2.205155 
482.000010 5.379628e-01 -54.134569 0.462037 -18.657389 
484.000010 8.822163e-01 -82.737006 0.117784 -47.034526 
486.000010 9.034092e-01 -126.294090 0.096591 89.631837 
488.000010 4.588542e-01 -160.735023 0.541146 55.412519 
490.000010 2.328495e-01 -179.849321 0.767150 36.518027 
492.000010 1.498752e-01 168.083219 0.850125 24.668585 
494.000010 1.277770e-01 158.428977 0.872223 15.230598 
496.000010 1.599473e-01 147.703279 0.840053 4.719409 
498.000010 4.281677e-01 124.246065 0.571832 -18.525019 
500.000010 4.489997e-01 22.233192 0.551000 59.673193 
502.000010 4.059105e-02 -12.368238 0.959409 25.281166 
504.000010 8.952771e-03 -22.148051 0.991047 15.709093 
506.000010 2.896346e-03 -27.663462 0.997104 10.399781 
508.000010 1.149266e-03 -31.661275 0.998851 6.606443 
510.000010 5.192724e-04 -34.907022 0.999481 3.563567 
512.000010 2.571730e-04 -37.704834 0.999743 0.967042 
514.000010 1.365200e-04 -40.203322 0.999863 -1.331726 
516.000010 7.656947e-05 -42.485709 0.999923 -3.415941 
518.000010 4.492658e-05 -44.603304 0.999955 -5.336894 
520.000010 2.737986e-05 -46.590069 0.999973 -7.128529 
522.000010 1.723867e-05 -48.469733 0.999983 -8.814559 
524.000010 1.116636e-05 -50.259598 0.999989 -10.412269 
526.000010 7.416803e-06 -51.972714 0.999993 -11.934690 
528.000010 5.037938e-06 -53.619201 0.999995 -13.391927 
530.000010 3.491862e-06 -55.207089 0.999997 -14.791994 
532.000010 2.465032e-06 -56.742876 0.999998 -16.141371 
534.000010 1.769558e-06 -58.231903 0.999998 -17.445385 
536.000010 1.290018e-06 -59.678628 0.999999 -18.708478 
538.000010 9.539086e-07 -61.086814 0.999999 -19.934397 
540.000010 7.147468e-07 -62.459673 0.999999 -21.126339 
542.000010 5.421757e-07 -63.799975 0.999999 -22.287059 
544.000010 4.160281e-07 -65.110125 1.000000 -23.418947 
546.000010 3.226930e-07 -66.392230 1.000000 -24.524098 
548.000010 2.528495e-07 -67.648150 1.000000 -25.604354 
550.000010 2.000273e-07 -68.879533 1.000000 -26.661350 
552.000010 1.596773e-07 -70.087850 1.000000 -27.696545 
554.000010 1.285632e-07 -71.274421 1.000000 -28.711243 
556.000010 1.043568e-07 -72.440435 1.000000 -29.706621 
558.000010 8.536537e-08 -73.586969 1.000000 -30.683742 
560.000010 7.034609e-08 -74.715000 1.000000 -31.643571 
562.000010 5.837787e-08 -75.825422 1.000000 -32.586987 
564.000010 4.877197e-08 -76.919050 1.000000 -33.514794 
566.000010 4.100905e-08 -77.996636 1.000000 -34.427731 
568.000010 3.469436e-08 -79.058870 1.000000 -35.326475 
570.000010 2.952557e-08 -80.106391 1.000000 -36.211654 
572.000010 2.526944e-08 -81.139790 1.000000 -37.083845 
574.000010 2.174477e-08 -82.159616 1.000000 -37.943587 
576.000010 1.880989e-08 -83.166380 1.000000 -38.791379 
578.000010 1.635330e-08 -84.160559 1.000000 -39.627686 
580.000010 1.428672e-08 -85.142598 1.000000 -40.452942 
582.000010 1.253987e-08 -86.112915 1.000000 -41.267554 
584.000010 1.105647e-08 -87.071903 1.000000 -42.071902 
586.000010 9.791185e-09 -88.019928 1.000000 -42.866344 
588.000010 8.707362e-09 -88.957338 1.000000 -43.651215 
590.000010 7.775179e-09 -89.884461 1.000000 -44.426833 
592.000010 6.970272e-09 -90.801606 1.000000 -45.193497 
594.000010 6.272641e-09 -91.709064 1.000000 -45.951488 
596.000010 5.665799e-09 -92.607114 1.000000 -46.701073 
598.000010 5.136093e-09 -93.496019 1.000000 -47.442507 
600.000010 4.672172e-09 -94.376028 1.000000 -48.176027 
602.000010 4.264563e-09 -95.247379 1.000000 -48.901864 
604.000010 3.905327e-09 -96.110299 1.000000 -49.620232 
606.000010 3.587788e-09 -96.965004 1.000000 -50.331340 
608.000010 3.306312e-09 -97.811699 1.000000 -51.035383 
610.000010 3.056126e-09 -98.650582 1.000000 -51.732549 
612.000010 2.833176e-09 -99.481842 1.000000 -52.423017 
614.000010 2.634003e-09 -100.305657 1.000000 -53.106960 
616.000010 2.455651e-09 -101.122202 1.000000 -53.784539 
618.000010 2.295585e-09 -101.931643 1.000000 -54.455914 
620.000010 2.151622e-09 -102.734138 1.000000 -55.121234 
622.000010 2.021880e-09 -103.529840 1.000000 -55.780643 
624.000010 1.904732e-09 -104.318897 1.000000 -56.434281 
626.000010 1.798764e-09 -105.101451 1.000000 -57.082281 
628.000010 1.702749e-09 -105.877637 1.000000 -57.724770 
630.000010 1.615615e-09 -106.647588 1.000000 -58.361873 
632.000010 1.536429e-09 -107.411430 1.000000 -58.993707 
634.000010 1.464369e-09 -108.169285 1.000000 -59.620388 
636.000010 1.398717e-09 -108.921272 1.000000 -60.242026 
638.000010 1.338841e-09 -109.667505 1.000000 -60.858727 
640.000010 1.284183e-09 -110.408095 1.000000 -61.470595 
642.000010 1.234251e-09 -111.143149 1.000000 -62.077728 
644.000010 1.188609e-09 -111.872771 1.000000 -62.680223 
646.000010 1.146871e-09 -112.597060 1.000000 -63.278174 
648.000010 1.108696e-09 -113.316114 1.000000 -63.871669 
650.000010 1.073778e-09 -114.030027 1.000000 -64.460796 
652.000010 1.041846e-09 -114.738892 1.000000 -65.045640 
654.000010 1.012659e-09 -115.442797 1.000000 -65.626282 
656.000010 9.860019e-10 -116.141828 1.000000 -66.202803 
658.000010 9.616812e-10 -116.836069 1.000000 -66.775279 
660.000010 9.395253e-10 -117.525603 1.000000 -67.343784 
662.000010 9.193802e-10 -118.210508 1.000000 -67.908393 
664.000010 9.011083e-10 -118.890863 1.000000 -68.469175 
666.000010 8.845863e-10 -119.566741 1.000000 -69.026200 
668.000010 8.697041e-10 -120.238217 1.000000 -69.579533 
670.000010 8.563631e-10 -120.905361 1.000000 -70.129241 
672.000010 8.444752e-10 -121.568245 1.000000 -70.675387 
674.000010 8.339618e-10 -122.226935 1.000000 -71.218032 
676.000010 8.247529e-10 -122.881497 1.000000 -71.757237 
678.000010 8.167863e-10 -123.531998 1.000000 -72.293059 
680.000010 8.100069e-10 -124.178499 1.000000 -72.825557 
682.000010 8.043661e-10 -124.821063 1.000000 -73.354786 
684.000010 7.998215e-10 -125.459749 1.000000 -73.880801 
686.000010 7.963358e-10 -126.094617 1.000000 -74.403654 
688.000010 7.938771e-10 -126.725725 1.000000 -74.923398 
690.000010 7.924182e-10 -127.353128 1.000000 -75.440084 
692.000010 7.919362e-10 -127.976882 1.000000 -75.953760 
694.000010 7.924126e-10 -128.597041 1.000000 -76.464475 
696.000010 7.938327e-10 -129.213657 1.000000 -76.972277 
698.000010 7.961854e-10 -129.826783 1.000000 -77.477212 
700.000010 7.994634e-10 -130.436469 1.000000 -77.979326 
702.000010 8.036626e-10 -131.042765 1.000000 -78.478662 
704.000010 8.087825e-10 -131.645719 1.000000 -78.975264 
706.000010 8.148254e-10 -132.245380 1.000000 -79.469176 
708.000010 8.217970e-10 -132.841794 1.000000 -79.960437 
710.000010 8.297062e-10 -133.435007 1.000000 -80.449091 
712.000010 8.385646e-10 -134.025064 1.000000 -80.935175 
714.000010 8.483871e-10 -134.612009 1.000000 -81.418731 
716.000010 8.591916e-10 -135.195886 1.000000 -81.899796 
718.000010 8.709991e-10 -135.776737 1.000000 -82.378408 
720.000010 8.838335e-10 -136.354605 1.000000 -82.854605 
722.000010 8.977221e-10 -136.929531 1.000000 -83.328422 
724.000010 9.126953e-10 -137.501555 1.000000 -83.799897 
726.000010 9.287869e-10 -138.070716 1.000000 -84.269063 
728.000010 9.460341e-10 -138.637055 1.000000 -84.735955 
730.000010 9.644775e-10 -139.200609 1.000000 -85.200608 
732.000010 9.841615e-10 -139.761416 1.000000 -85.663055 
734.000010 1.005134e-09 -140.319514 1.000000 -86.123328 
736.000010 1.027448e-09 -140.874940 1.000000 -86.581461 
738.000010 1.051159e-09 -141.427729 1.000000 -87.037484 
740.000010 1.076329e-09 -141.977916 1.000000 -87.491429 
742.000010 1.103021e-09 -142.525538 1.000000 -87.943328 
744.000010 1.131308e-09 -143.070629 1.000000 -88.393209 
746.000010 1.161264e-09 -143.613222 1.000000 -88.841104 
748.000010 1.192970e-09 -144.153352 1.000000 -89.287041 
750.000010 1.226512e-09 -144.691050 1.000000 -89.731050 
752.000010 1.261984e-09 -145.226350 1.000000 -90.173158 
754.000010 1.299485e-09 -145.759285 1.000000 -90.613396 
756.000010 1.339121e-09 -146.289885 1.000000 -91.051789 
758.000010 1.381004e-09 -146.818181 1.000000 -91.488366 
760.000010 1.425258e-09 -147.344206 1.000000 -91.923153 
762.000010 1.472010e-09 -147.867989 1.000000 -92.356178 
764.000010 1.521401e-09 -148.389561 1.000000 -92.787466 
766.000010 1.573577e-09 -148.908951 1.000000 -93.217044 
768.000010 1.628697e-09 -149.426188 1.000000 -93.644938 
770.000010 1.686930e-09 -149.941303 1.000000 -94.071172 
772.000010 1.748458e-09 -150.454322 1.000000 -94.495773 
774.000010 1.813472e-09 -150.965276 1.000000 -94.918764 
776.000010 1.882179e-09 -151.474191 1.000000 -95.340170 
778.000010 1.954800e-09 -151.981096 1.000000 -95.760016 
780.000010 2.031571e-09 -152.486018 1.000000 -96.178325 
782.000010 2.112744e-09 -152.988984 1.000000 -96.595122 
784.000010 2.198589e-09 -153.490021 1.000000 -97.010429 
786.000010 2.289394e-09 -153.989156 1.000000 -97.424270 
788.000010 2.385469e-09 -154.486416 1.000000 -97.836669 
790.000010 2.487144e-09 -154.981825 1.000000 -98.247647 
792.000010 2.594774e-09 -155.475410 1.000000 -98.657228 
794.000010 2.708736e-09 -155.967198 1.000000 -99.065434 
796.000010 2.829438e-09 -156.457212 1.000000 -99.472287 
798.000010 2.957315e-09 -156.945479 1.000000 -99.877809 
800.000010 3.092833e-09 -157.432023 1.000000 -100.282022 
802.000010 3.236492e-09 -157.916869 1.000000 -100.684948 
804.000010 3.388829e-09 -158.400042 1.000000 -101.086609 
806.000010 3.550420e-09 -158.881566 1.000000 -101.487024 
808.000010 3.721881e-09 -159.361465 1.000000 -101.886217 
810.000010 3.903876e-09 -159.839763 1.000000 -102.284207 
812.000010 4.097117e-09 -160.316485 1.000000 -102.681016 
814.000010 4.302368e-09 -160.791653 1.000000 -103.076665 
816.000010 4.520452e-09 -161.265292 1.000000 -103.471174 
818.000010 4.752252e-09 -161.737425 1.000000 -103.864564 
820.000010 4.998718e-09 -162.208075 1.000000 -104.256855 
822.000010 5.260872e-09 -162.677265 1.000000 -104.648067 
824.000010 5.539814e-09 -163.145019 1.000000 -105.038222 
826.000010 5.836728e-09 -163.611359 1.000000 -105.427339 
828.000010 6.152887e-09 -164.076308 1.000000 -105.815438 
830.000010 6.489666e-09 -164.539889 1.000000 -106.202539 
832.000010 6.848544e-09 -165.002124 1.000000 -106.588662 
834.000010 7.231117e-09 -165.463037 1.000000 -106.973828 
836.000010 7.639104e-09 -165.922648 1.000000 -107.358055 
838.000010 8.074362e-09 -166.380982 1.000000 -107.741364 
840.000010 8.538893e-09 -166.838060 1.000000 -108.123774 
842.000010 9.034860e-09 -167.293904 1.000000 -108.505306 
844.000010 9.564598e-09 -167.748538 1.000000 -108.885978 
846.000010 1.013063e-08 -168.201981 1.000000 -109.265811 
848.000010 1.073569e-08 -168.654258 1.000000 -109.644824 
850.000010 1.138271e-08 -169.105390 1.000000 -110.023037 
852.000010 1.207490e-08 -169.555400 1.000000 -110.400470 
854.000010 1.281570e-08 -170.004308 1.000000 -110.777141 
856.000010 1.360885e-08 -170.452138 1.000000 -111.153072 
858.000010 1.445840e-08 -170.898911 1.000000 -111.528281 
860.000010 1.536873e-08 -171.344650 1.000000 -111.902789 
862.000010 1.634460e-08 -171.789376 1.000000 -112.276615 
864.000010 1.739116e-08 -172.233112 1.000000 -112.649778 
866.000010 1.851400e-08 -172.675880 1.000000 -113.022300 
868.000010 1.971920e-08 -173.117702 1.000000 -113.394200 
870.000010 2.101333e-08 -173.558601 1.000000 -113.765497 
872.000010 2.240356e-08 -173.998598 1.000000 -114.136212 
874.000010 2.389766e-08 -174.437716 1.000000 -114.506366 
876.000010 2.550409e-08 -174.875978 1.000000 -114.875978 
878.000010 2.723203e-08 -175.313406 1.000000 -115.245068 
880.000010 2.909151e-08 -175.750023 1.000000 -115.613659 
882.000010 3.109339e-08 -176.185851 1.000000 -115.981769 
884.000010 3.324956e-08 -176.620914 1.000000 -116.349420 
886.000010 3.557292e-08 -177.055234 1.000000 -116.716633 
888.000010 3.807757e-08 -177.488835 1.000000 -117.083429 
890.000010 4.077887e-08 -177.921739 1.000000 -117.449829 
892.000010 4.369359e-08 -178.353971 1.000000 -117.815854 
894.000010 4.684002e-08 -178.785554 1.000000 -118.181527 
896.000010 5.023816e-08 -179.216512 1.000000 -118.546869 
898.000010 5.390983e-08 -179.646868 1.000000 -118.911902 
900.000010 5.787891e-08 179.923352 1.000000 -119.276648 
902.000010 6.217151e-08 179.494125 1.000000 -119.641130 
904.000010 6.681622e-08 179.065425 1.000000 -120.005371 
906.000010 7.184432e-08 178.637228 1.000000 -120.369394 
908.000010 7.729007e-08 178.209509 1.000000 -120.733222 
910.000010 8.319105e-08 177.782242 1.000000 -121.096878 
912.000010 8.958844e-08 177.355402 1.000000 -121.460387 
914.000010 9.652745e-08 176.928961 1.000000 -121.823774 
916.000010 1.040577e-07 176.502894 1.000000 -122.187062 
918.000010 1.122336e-07 176.077174 1.000000 -122.550277 
920.000010 1.211152e-07 175.651774 1.000000 -122.913443 
922.000010 1.307682e-07 175.226665 1.000000 -123.276588 
924.000010 1.412652e-07 174.801821 1.000000 -123.639737 
926.000010 1.526859e-07 174.377212 1.000000 -124.002917 
928.000010 1.651181e-07 173.952810 1.000000 -124.366155 
930.000010 1.786588e-07 173.528586 1.000000 -124.729478 
932.000010 1.934147e-07 173.104509 1.000000 -125.092916 
934.000010 2.095037e-07 172.680548 1.000000 -125.456496 
936.000010 2.270560e-07 172.256674 1.000000 -125.820249 
938.000010 2.462153e-07 171.832854 1.000000 -126.184203 
940.000010 2.671407e-07 171.409056 1.000000 -126.548390 
942.000010 2.900082e-07 170.985248 1.000000 -126.912841 
944.000010 3.150124e-07 170.561395 1.000000 -127.277588 
946.000010 3.423691e-07 170.137464 1.000000 -127.642663 
948.000010 3.723175e-07 169.713419 1.000000 -128.008100 
950.000010 4.051231e-07 169.289224 1.000000 -128.373934 
952.000010 4.410804e-07 168.864843 1.000000 -128.740199 
954.000010 4.805167e-07 168.440238 1.000000 -129.106932 
956.000010 5.237959e-07 168.015370 0.999999 -129.474169 
958.000010 5.713228e-07 167.590201 0.999999 -129.841949 
960.000010 6.235484e-07 167.164688 0.999999 -130.210311 
962.000010 6.809751e-07 166.738791 0.999999 -130.579296 
964.000010 7.441629e-07 166.312467 0.999999 -130.948943 
966.000010 8.137375e-07 165.885671 0.999999 -131.319298 
968.000010 8.903972e-07 165.458358 0.999999 -131.690402 
970.000010 9.749230e-07 165.030481 0.999999 -132.062302 
972.000010 1.068189e-06 164.601993 0.999999 -132.435044 
974.000010 1.171174e-06 164.172842 0.999999 -132.808677 
976.000010 1.284974e-06 163.742978 0.999999 -133.183252 
978.000010 1.410822e-06 163.312347 0.999999 -133.558819 
980.000010 1.550098e-06 162.880894 0.999998 -133.935432 
982.000010 1.704357e-06 162.448563 0.999998 -134.313147 
984.000010 1.875348e-06 162.015295 0.999998 -134.692022 
986.000010 2.065040e-06 161.581027 0.999998 -135.072117 
988.000010 2.275652e-06 161.145697 0.999998 -135.453493 
990.000010 2.509692e-06 160.709239 0.999997 -135.836215 
992.000010 2.769991e-06 160.271584 0.999997 -136.220352 
994.000010 3.059751e-06 159.832660 0.999997 -136.605972 
996.000010 3.382600e-06 159.392393 0.999997 -136.993149 
998.000010 3.742650e-06 158.950705 0.999996 -137.381960 
1000.000010 4.144567e-06 158.507516 0.999996 -137.772484 
1002.000010 4.593657e-06 158.062740 0.999995 -138.164805 
1004.000010 5.095954e-06 157.616288 0.999995 -138.559010 
1006.000010 5.658337e-06 157.168068 0.999994 -138.955192 
1008.000010 6.288651e-06 156.717983 0.999994 -139.353445 
1010.000010 6.995859e-06 156.265930 0.999993 -139.753872 
1012.000010 7.790215e-06 155.811801 0.999992 -140.156579 
1014.000010 8.683470e-06 155.355483 0.999991 -140.561677 
1016.000010 9.689103e-06 154.896857 0.999990 -140.969285 
1018.000010 1.082261e-05 154.435797 0.999989 -141.379527 
1020.000010 1.210182e-05 153.972170 0.999988 -141.792536 
1022.000010 1.354729e-05 153.505834 0.999986 -142.208451 
1024.000010 1.518277e-05 153.036642 0.999985 -142.627420 
1026.000010 1.703574e-05 152.564434 0.999983 -143.049600 
1028.000010 1.913803e-05 152.089043 0.999981 -143.475159 
1030.000010 2.152661e-05 151.610288 0.999978 -143.904275 
1032.000010 2.424452e-05 151.127978 0.999976 -144.337138 
1034.000010 2.734191e-05 150.641909 0.999973 -144.773951 
1036.000010 3.087739e-05 150.151862 0.999969 -145.214933 
1038.000010 3.491959e-05 149.657603 0.999965 -145.660316 
1040.000010 3.954905e-05 149.158879 0.999960 -146.110352 
1042.000010 4.486053e-05 148.655418 0.999955 -146.565312 
1044.000010 5.096576e-05 148.146926 0.999949 -147.025487 
1046.000010 5.799691e-05 147.633088 0.999942 -147.491195 
1048.000010 6.611063e-05 147.113558 0.999934 -147.962778 
1050.000010 7.549323e-05 146.587961 0.999925 -148.440610 
1052.000010 8.636687e-05 146.055891 0.999914 -148.925097 
1054.000010 9.899735e-05 145.516901 0.999901 -149.416685 
1056.000010 1.137037e-04 144.970502 0.999886 -149.915862 
1058.000010 1.308701e-04 144.416155 0.999869 -150.423164 
1060.000010 1.509611e-04 143.853268 0.999849 -150.939185 
1062.000010 1.745404e-04 143.281183 0.999825 -151.464580 
1064.000010 2.022946e-04 142.699169 0.999798 -152.000079 
1066.000010 2.350643e-04 142.106411 0.999765 -152.546497 
1068.000010 2.738825e-04 141.501997 0.999726 -153.104745 
1070.000010 3.200255e-04 140.884898 0.999680 -153.675850 
1072.000010 3.750782e-04 140.253953 0.999625 -154.260972 
1074.000010 4.410192e-04 139.607842 0.999559 -154.861432 
1076.000010 5.203343e-04 138.945057 0.999480 -155.478735 
1078.000010 6.161655e-04 138.263867 0.999384 -156.114612 
1080.000010 7.325117e-04 137.562268 0.999267 -156.771065 
1082.000010 8.745009e-04 136.837933 0.999125 -157.450422 
1084.000010 1.048761e-03 136.088129 0.998951 -158.155413 
1086.000010 1.263933e-03 135.309634 0.998736 -158.889261 
1088.000010 1.531393e-03 134.498607 0.998469 -159.655805 
1090.000010 1.866268e-03 133.650432 0.998134 -160.459660 
1092.000010 2.288909e-03 132.759506 0.997711 -161.306428 
1094.000010 2.827038e-03 131.818952 0.997173 -162.202986 
1096.000010 3.518952e-03 130.820225 0.996481 -163.157877 
1098.000010 4.418376e-03 129.752567 0.995582 -164.181859 
1100.000010 5.602012e-03 128.602227 0.994398 -165.288681 
1102.000010 7.181524e-03 127.351335 0.992818 -166.496215 
1104.000010 9.323124e-03 125.976219 0.990677 -167.828129 
1106.000010 1.228056e-02 124.444851 0.987719 -169.316451 
1108.000010 1.645260e-02 122.712815 0.983547 -171.005597 
1110.000010 2.248727e-02 120.716756 0.977513 -172.958919 
1112.000010 3.147904e-02 118.363309 0.968521 -175.269784 
1114.000010 4.536060e-02 115.509558 0.954639 -178.081106 
1116.000010 6.772128e-02 111.926941 0.932279 178.378554 
1118.000010 1.055973e-01 107.231394 0.894403 173.725133 
1120.000010 1.734491e-01 100.743815 0.826551 167.279530 
1122.000010 3.009956e-01 91.220663 0.699004 157.798203 
1124.000010 5.367837e-01 76.496987 0.463216 143.116205 
1126.000010 8.655622e-01 54.201677 0.134438 120.862423 
1128.000010 9.929235e-01 26.923047 0.007077 -86.374825 
1130.000010 7.934288e-01 3.741067 0.206571 -109.515570 
1132.000010 5.597690e-01 -11.801711 0.440231 -125.017259 
1134.000010 4.028818e-01 -21.879123 0.597118 -135.053726 
1136.000010 3.062271e-01 -28.763864 0.693773 -141.897667 
1138.000010 2.455092e-01 -33.787279 0.754491 -146.880425 
1140.000010 2.059000e-01 -37.676401 0.794100 -150.729032 
1142.000010 1.791852e-01 -40.840978 0.820815 -153.853237 
1144.000010 1.607546e-01 -43.524308 0.839245 -156.496336 
1146.000010 1.479244e-01 -45.878668 0.852076 -158.810605 
1148.000010 1.390723e-01 -48.004129 0.860928 -160.896115 
1150.000010 1.331866e-01 -49.969481 0.866813 -162.821655 
1152.000010 1.296233e-01 -51.824062 0.870377 -164.636562 
1154.000010 1.279704e-01 -53.604749 0.872030 -166.377713 
1156.000010 1.279695e-01 -55.340285 0.872031 -168.073849 
1158.000010 1.294699e-01 -57.054055 0.870530 -169.748355 
1160.000010 1.324010e-01 -58.765953 0.867599 -171.421125 
1162.000010 1.367564e-01 -60.493691 0.863244 -173.109870 
1164.000010 1.425850e-01 -62.253765 0.857415 -174.831084 
1166.000010 1.499882e-01 -64.062208 0.850012 -176.600802 
1168.000010 1.591196e-01 -65.935229 0.840880 -178.435229 
1170.000010 1.701887e-01 -67.889769 0.829811 179.648692 
1172.000010 1.834670e-01 -69.944040 0.816533 177.632752 
1174.000010 1.992962e-01 -72.118059 0.800704 175.496933 
1176.000010 2.180977e-01 -74.434198 0.781902 173.218863 
1178.000010 2.403831e-01 -76.917756 0.759617 170.773246 
1180.000010 2.667629e-01 -79.597533 0.733237 168.131281 
1182.000010 2.979491e-01 -82.506370 0.702051 165.260128 
1184.000010 3.347447e-01 -85.681563 0.665255 162.122492 
1186.000010 3.780067e-01 -89.164980 0.621993 158.676504 
1188.000010 4.285636e-01 -93.002595 0.571436 154.876193 
1190.000010 4.870573e-01 -97.242988 0.512943 150.672979 
1192.000010 5.536770e-01 -101.934170 0.446323 146.018850 
1194.000010 6.277597e-01 -107.117957 0.372240 140.871993 
1196.000010 7.072832e-01 -112.821240 0.292717 135.205516 
1198.000010 7.883825e-01 -119.044251 0.211618 129.019188 
1200.000010 8.651814e-01 -125.747596 0.134819 122.352405 
1202.000010 9.303354e-01 -132.842295 0.069665 115.294144 
1204.000010 9.765098e-01 -140.188933 0.023490 107.983825 
1206.000010 9.984502e-01 -147.610625 0.001550 100.598330 
1208.000010 9.946710e-01 -154.918760 0.005329 -86.673727 
1210.000010 9.677835e-01 -161.943111 0.032217 -93.662120 
1212.000010 9.233253e-01 -168.555148 0.076675 -100.238316 
1214.000010 8.678813e-01 -174.677650 0.132119 -106.325096 
1216.000010 8.074739e-01 179.718780 0.192526 -111.893062 
1218.000010 7.467129e-01 174.626873 0.253287 -116.949481 
1220.000010 6.886406e-01 170.015670 0.311359 -121.525313 
1222.000010 6.349743e-01 165.841650 0.365026 -125.664078 
1224.000010 5.864748e-01 162.056730 0.413525 -129.413858 
1226.000010 5.432877e-01 158.613271 0.456712 -132.822292 
1228.000010 5.052026e-01 155.466823 0.494797 -135.933828 
1230.000010 4.718292e-01 152.577361 0.528171 -138.788492 
1232.000010 4.427067e-01 149.909611 0.557293 -141.421558 
1234.000010 4.173667e-01 147.432880 0.582633 -143.863717 
1236.000010 3.953672e-01 145.120651 0.604633 -146.141485 
1238.000010 3.763080e-01 142.950088 0.623692 -148.277699 
1240.000010 3.598360e-01 140.901532 0.640164 -150.292016 
1242.000010 3.456446e-01 138.958037 0.654355 -152.201383 
1244.000010 3.334705e-01 137.104950 0.666530 -154.020452 
1246.000010 3.230892e-01 135.329552 0.676911 -155.761940 
1248.000010 3.143109e-01 133.620750 0.685689 -157.436943 
1250.000010 3.069753e-01 131.968810 0.693025 -159.055190 
1252.000010 3.009479e-01 130.365143 0.699052 -160.625272 
1254.000010 2.961166e-01 128.802118 0.703883 -162.154820 
1256.000010 2.923887e-01 127.272901 0.707611 -163.650666 
1258.000010 2.896877e-01 125.771331 0.710312 -165.118971 
1260.000010 2.879521e-01 124.291803 0.712048 -166.565340 
1262.000010 2.871329e-01 122.829175 0.712867 -167.994913 
1264.000010 2.871923e-01 121.378690 0.712808 -169.412449 
1266.000010 2.881027e-01 119.935904 0.711897 -170.822390 
1268.000010 2.898454e-01 118.496624 0.710155 -172.228927 
1270.000010 2.924100e-01 117.056863 0.707590 -173.636050 
1272.000010 2.957935e-01 115.612786 0.704206 -175.047592 
1274.000010 3.000002e-01 114.160675 0.700000 -176.467269 
1276.000010 3.050409e-01 112.696892 0.694959 -177.898719 
1278.000010 3.109326e-01 111.217846 0.689067 -179.345534 
1280.000010 3.176982e-01 109.719965 0.682302 179.188715 
1282.000010 3.253666e-01 108.199669 0.674633 177.700449 
1284.000010 3.339717e-01 106.653349 0.666028 176.186060 
1286.000010 3.435529e-01 105.077345 0.656447 174.641886 
1288.000010 3.541541e-01 103.467925 0.645846 173.064198 
1290.000010 3.658236e-01 101.821277 0.634176 171.449184 
1292.000010 3.786134e-01 100.133490 0.621387 169.792933 
1294.000010 3.925782e-01 98.400551 0.607422 168.091432 
1296.000010 4.077749e-01 96.618339 0.592225 166.340561 
1298.000010 4.242606e-01 94.782628 0.575739 164.536095 
1300.000010 4.420910e-01 92.889095 0.557909 162.673711 
1302.000010 4.613180e-01 90.933342 0.538682 160.749010 
1304.000010 4.819871e-01 88.910916 0.518013 158.757542 
1306.000010 5.041329e-01 86.817360 0.495867 156.694848 
1308.000010 5.277755e-01 84.648257 0.472224 154.556514 
1310.000010 5.529147e-01 82.399311 0.447085 152.338242 
1312.000010 5.795235e-01 80.066434 0.420476 150.035947 
1314.000010 6.075417e-01 77.645865 0.392458 147.645865 
1316.000010 6.368673e-01 75.134297 0.363133 145.164693 
1318.000010 6.673496e-01 72.529050 0.332650 142.589748 
1320.000010 6.987804e-01 69.828242 0.301220 139.919151 
1322.000010 7.308881e-01 67.030992 0.269112 137.152020 
1324.000010 7.633331e-01 64.137631 0.236667 134.288689 
1326.000010 7.957059e-01 61.149911 0.204294 131.330906 
1328.000010 8.275313e-01 58.071195 0.172469 128.282038 
1330.000010 8.582764e-01 54.906621 0.141724 125.147222 
1332.000010 8.873669e-01 51.663205 0.112633 121.933476 
1334.000010 9.142090e-01 48.349875 0.085791 118.649725 
1336.000010 9.382170e-01 44.977404 0.061783 115.306745 
1338.000010 9.588458e-01 41.558249 0.041154 111.916993 
1340.000010 9.756234e-01 38.106273 0.024377 108.494332 
1342.000010 9.881815e-01 34.636375 0.011818 105.053663 
1344.000010 9.962800e-01 31.164046 0.003720 101.610475 
1346.000010 9.998217e-01 27.704869 0.000178 98.180352 
1348.000010 9.988562e-01 24.274023 0.001144 -85.221525 
1350.000010 9.935728e-01 20.885819 0.006427 -88.580848 
1352.000010 9.842822e-01 17.553290 0.015718 -91.884580 
1354.000010 9.713915e-01 14.287886 0.028608 -95.121272 
1356.000010 9.553753e-01 11.099270 0.044625 -98.281261 
1358.000010 9.367453e-01 7.995215 0.063255 -101.356773 
1360.000010 9.160223e-01 4.981609 0.083978 -104.341920 
1362.000010 8.937131e-01 2.062533 0.106287 -107.232621 
1364.000010 8.702919e-01 -0.759595 0.129708 -110.026457 
1366.000010 8.461881e-01 -3.483833 0.153812 -112.722486 
1368.000010 8.217786e-01 -6.110512 0.178221 -115.321038 
1370.000010 7.973853e-01 -8.641019 0.202615 -117.823500 
1372.000010 7.732755e-01 -11.077598 0.226725 -120.232116 
1374.000010 7.496654e-01 -13.423155 0.250335 -122.549793 
1376.000010 7.267243e-01 -15.681093 0.273276 -124.779930 
1378.000010 7.045805e-01 -17.855157 0.295419 -126.926274 
1380.000010 6.833268e-01 -19.949320 0.316673 -128.992798 
1382.000010 6.630263e-01 -21.967672 0.336974 -130.983591 
1384.000010 6.437174e-01 -23.914346 0.356283 -132.902785 
1386.000010 6.254189e-01 -25.793447 0.374581 -134.754485 
1388.000010 6.081340e-01 -27.609007 0.391866 -136.542724 
1390.000010 5.918537e-01 -29.364949 0.408146 -138.271424 
1392.000010 5.765600e-01 -31.065061 0.423440 -139.944371 
1394.000010 5.622280e-01 -32.712976 0.437772 -141.565200 
1396.000010 5.488284e-01 -34.312168 0.451172 -143.137383 
1398.000010 5.363288e-01 -35.865940 0.463671 -144.664223 
1400.000010 5.246950e-01 -37.377428 0.475305 -146.148856 
1402.000010 5.138919e-01 -38.849603 0.486108 -147.594253 
1404.000010 5.038847e-01 -40.285271 0.496115 -149.003220 
1406.000010 4.946389e-01 -41.687086 0.505361 -150.378409 
1408.000010 4.861211e-01 -43.057549 0.513879 -151.722322 
1410.000010 4.782993e-01 -44.399024 0.521701 -153.037321 
1412.000010 4.711429e-01 -45.713737 0.528857 -154.325635 
1414.000010 4.646230e-01 -47.003795 0.535377 -155.589367 
1416.000010 4.587125e-01 -48.271183 0.541287 -156.830505 
1418.000010 4.533861e-01 -49.517780 0.546614 -158.050925 
1420.000010 4.486203e-01 -50.745365 0.551380 -159.252407 
1422.000010 4.443931e-01 -51.955620 0.555607 -160.436633 
1424.000010 4.406848e-01 -53.150145 0.559315 -161.605201 
1426.000010 4.374767e-01 -54.330458 0.562523 -162.759631 
1428.000010 4.347524e-01 -55.498004 0.565248 -163.901365 
1430.000010 4.324965e-01 -56.654161 0.567503 -165.031784 
1432.000010 4.306955e-01 -57.800247 0.569305 -166.152202 
1434.000010 4.293371e-01 -58.937520 0.570663 -167.263880 
1436.000010 4.284104e-01 -60.067191 0.571590 -168.368027 
1438.000010 4.279058e-01 -61.190422 0.572094 -169.465805 
1440.000010 4.278151e-01 -62.308333 0.572185 -170.558333 
1442.000010 4.281310e-01 -63.422005 0.571869 -171.646693 
1444.000010 4.288474e-01 -64.532486 0.571153 -172.731932 
1446.000010 4.299593e-01 -65.640790 0.570041 -173.815064 
1448.000010 4.314627e-01 -66.747905 0.568537 -174.897077 
1450.000010 4.333545e-01 -67.854794 0.566646 -175.978932 
1452.000010 4.356323e-01 -68.962396 0.564368 -177.061569 
1454.000010 4.382948e-01 -70.071631 0.561705 -178.145909 
1456.000010 4.413413e-01 -71.183402 0.558659 -179.232853 
1458.000010 4.447719e-01 -72.298596 0.555228 179.676713 
1460.000010 4.485873e-01 -73.418085 0.551413 178.581915 
1462.000010 4.527887e-01 -74.542732 0.547211 177.481891 
1464.000010 4.573780e-01 -75.673388 0.542622 176.375792 
1466.000010 4.623576e-01 -76.810894 0.537642 175.262776 
1468.000010 4.677301e-01 -77.956085 0.532270 174.142007 
1470.000010 4.734987e-01 -79.109789 0.526501 173.012660 
1472.000010 4.796666e-01 -80.272826 0.520333 171.873914 
1474.000010 4.862374e-01 -81.446011 0.513763 170.724952 
1476.000010 4.932146e-01 -82.630156 0.506785 169.564966 
1478.000010 5.006018e-01 -83.826064 0.499398 168.393152 
1480.000010 5.084024e-01 -85.034534 0.491598 167.208709 
1482.000010 5.166197e-01 -86.256361 0.483380 166.010846 
1484.000010 5.252564e-01 -87.492330 0.474744 164.798775 
1486.000010 5.343149e-01 -88.743220 0.465685 163.571720 
1488.000010 5.437967e-01 -90.009800 0.456203 162.328910 
1490.000010 5.537025e-01 -91.292830 0.446297 161.069586 
1492.000010 5.640321e-01 -92.593055 0.435968 159.793004 
1494.000010 5.747838e-01 -93.911205 0.425216 158.498433 
1496.000010 5.859546e-01 -95.247993 0.414045 157.185162 
1498.000010 5.975398e-01 -96.604109 0.402460 155.852500 
1500.000010 6.095326e-01 -97.980219 0.390467 154.499781 
1502.000010 6.219240e-01 -99.376958 0.378076 153.126371 
1504.000010 6.347026e-01 -100.794927 0.365297 151.731668 
1506.000010 6.478543e-01 -102.234690 0.352146 150.315111 
1508.000010 6.613616e-01 -103.696763 0.338638 148.876182 
1510.000010 6.752041e-01 -105.181612 0.324796 147.414415 
1512.000010 6.893573e-01 -106.689646 0.310643 145.929402 
1514.000010 7.037933e-01 -108.221210 0.296207 144.420798 
1516.000010 7.184798e-01 -109.776576 0.281520 142.888332 
1518.000010 7.333801e-01 -111.355937 0.266620 141.331810 
1520.000010 7.484533e-01 -112.959401 0.251547 139.751125 
1522.000010 7.636537e-01 -114.586980 0.236346 138.146266 
1524.000010 7.789311e-01 -116.238584 0.221069 136.517322 
1526.000010 7.942305e-01 -117.914013 0.205769 134.864493 
1528.000010 8.094926e-01 -119.612954 0.190507 133.188094 
1530.000010 8.246538e-01 -121.334966 0.175346 131.488564 
1532.000010 8.396466e-01 -123.079482 0.160353 129.766471 
1534.000010 8.544000e-01 -124.845803 0.145600 128.022515 
1536.000010 8.688402e-01 -126.633092 0.131160 126.257533 
1538.000010 8.828912e-01 -128.440371 0.117109 124.472503 
1540.000010 8.964757e-01 -130.266528 0.103524 122.668537 
1542.000010 9.095159e-01 -132.110308 0.090484 120.846891 
1544.000010 9.219346e-01 -133.970325 0.078065 119.008950 
1546.000010 9.336563e-01 -135.845062 0.066344 117.156232 
1548.000010 9.446083e-01 -137.732881 0.055392 115.290374 
1550.000010 9.547221e-01 -139.632033 0.045278 113.413129 
1552.000010 9.639340e-01 -141.540664 0.036066 111.526346 
1554.000010 9.721867e-01 -143.456838 0.027813 109.631966 
1556.000010 9.794303e-01 -145.378542 0.020570 107.731998 
1558.000010 9.856228e-01 -147.303710 0.014377 105.828511 
1560.000010 9.907310e-01 -149.230237 0.009269 103.923609 
1562.000010 9.947315e-01 -151.155999 0.005269 102.019417 
1564.000010 9.976102e-01 -153.078868 0.002390 100.118063 
1566.000010 9.993635e-01 -154.996738 0.000637 98.221653 
1568.000010 9.999972e-01 -156.907535 0.000003 96.332261 
1570.000010 9.995271e-01 -158.809243 0.000473 -85.548096 
1572.000010 9.979778e-01 -160.699911 0.002022 -87.417469 
1574.000010 9.953829e-01 -162.577679 0.004617 -89.273994 
1576.000010 9.917833e-01 -164.440780 0.008217 -91.115907 
1578.000010 9.872272e-01 -166.287561 0.012773 -92.941553 
1580.000010 9.817684e-01 -168.116485 0.018232 -94.749396 
1582.000010 9.754655e-01 -169.926144 0.024535 -96.538028 
1584.000010 9.683811e-01 -171.715261 0.031619 -98.306170 
1586.000010 9.605803e-01 -173.482694 0.039420 -100.052681 
1588.000010 9.521302e-01 -175.227435 0.047870 -101.776554 
1590.000010 9.430983e-01 -176.948616 0.056902 -103.476917 
1592.000010 9.335522e-01 -178.645497 0.066448 -105.153035 
1594.000010 9.235587e-01 179.682527 0.076441 -106.804298 
1596.000010 9.131827e-01 178.035940 0.086817 -108.430225 
1598.000010 9.024871e-01 176.415105 0.097513 -110.030452 
1600.000010 8.915322e-01 174.820272 0.108468 -111.604728 
1602.000010 8.803749e-01 173.251587 0.119625 -113.152907 
1604.000010 8.690692e-01 171.709097 0.130931 -114.674943 
1606.000010 8.576654e-01 170.192759 0.142335 -116.170877 
1608.000010 8.462099e-01 168.702449 0.153790 -117.640835 
1610.000010 8.347458e-01 167.237967 0.165254 -119.085014 
1612.000010 8.233121e-01 165.799048 0.176688 -120.503681 
1614.000010 8.119446e-01 164.385367 0.188055 -121.897161 
1616.000010 8.006751e-01 162.996546 0.199325 -123.265830 
1618.000010 7.895323e-01 161.632164 0.210468 -124.610110 
1620.000010 7.785416e-01 160.291759 0.221458 -125.930463 
1622.000010 7.677254e-01 158.974837 0.232275 -127.227382 
1624.000010 7.571032e-01 157.680876 0.242897 -128.501390 
1626.000010 7.466916e-01 156.409332 0.253308 -129.753030 
1628.000010 7.365052e-01 155.159641 0.263495 -130.982865 
1630.000010 7.265560e-01 153.931229 0.273444 -132.191470 
1632.000010 7.168541e-01 152.723509 0.283146 -133.379433 
1634.000010 7.074076e-01 151.535887 0.292592 -134.547344 
1636.000010 6.982229e-01 150.367767 0.301777 -135.695803 
1638.000010 6.893051e-01 149.218551 0.310695 -136.825405 
1640.000010 6.806577e-01 148.087643 0.319342 -137.936747 
1642.000010 6.722832e-01 146.974448 0.327717 -139.030424 
1644.000010 6.641828e-01 145.878378 0.335817 -140.107023 
1646.000010 6.563570e-01 144.798850 0.343643 -141.167128 
1648.000010 6.488053e-01 143.735290 0.351195 -142.211312 
1650.000010 6.415266e-01 142.687131 0.358473 -143.240141 
1652.000010 6.345192e-01 141.653817 0.365481 -144.254173 
1654.000010 6.277808e-01 140.634801 0.372219 -145.253954 
1656.000010 6.213088e-01 139.629546 0.378691 -146.240019 
1658.000010 6.151001e-01 138.637529 0.384900 -147.212893 
1660.000010 6.091514e-01 137.658236 0.390849 -148.173089 
1662.000010 6.034591e-01 136.691165 0.396541 -149.121109 
1664.000010 5.980195e-01 135.735827 0.401980 -150.057442 
1666.000010 5.928286e-01 134.791743 0.407171 -150.982567 
1668.000010 5.878825e-01 133.858447 0.412117 -151.896949 
1670.000010 5.831771e-01 132.935484 0.416823 -152.801043 
1672.000010 5.787083e-01 132.022412 0.421292 -153.695291 
1674.000010 5.744720e-01 131.118798 0.425528 -154.580126 
1676.000010 5.704642e-01 130.224224 0.429536 -155.455967 
1678.000010 5.666807e-01 129.338278 0.433319 -156.323224 
1680.000010 5.631176e-01 128.460563 0.436882 -157.182294 
1682.000010 5.597711e-01 127.590690 0.440229 -158.033567 
1684.000010 5.566372e-01 126.728281 0.443363 -158.877420 
1686.000010 5.537122e-01 125.872968 0.446288 -159.714220 
1688.000010 5.509925e-01 125.024393 0.449008 -160.544327 
1690.000010 5.484745e-01 124.182207 0.451525 -161.368089 
1692.000010 5.461550e-01 123.346068 0.453845 -162.185846 
1694.000010 5.440304e-01 122.515646 0.455970 -162.997931 
1696.000010 5.420978e-01 121.690618 0.457902 -163.804665 
1698.000010 5.403541e-01 120.870667 0.459646 -164.606364 
1700.000010 5.387962e-01 120.055488 0.461204 -165.403336 
1702.000010 5.374216e-01 119.244779 0.462578 -166.195879 
1704.000010 5.362274e-01 118.438247 0.463773 -166.984288 
1706.000010 5.352111e-01 117.635608 0.464789 -167.768847 
1708.000010 5.343704e-01 116.836581 0.465630 -168.549835 
1710.000010 5.337029e-01 116.040894 0.466297 -169.327527 
1712.000010 5.332065e-01 115.248280 0.466794 -170.102187 
1714.000010 5.328790e-01 114.458477 0.467121 -170.874079 
1716.000010 5.327187e-01 113.671229 0.467281 -171.643456 
1718.000010 5.327236e-01 112.886287 0.467276 -172.410569 
1720.000010 5.328920e-01 112.103406 0.467108 -173.175664 
1722.000010 5.332224e-01 111.322345 0.466778 -173.938979 
1724.000010 5.337132e-01 110.542868 0.466287 -174.700752 
1726.000010 5.343629e-01 109.764744 0.465637 -175.461212 
1728.000010 5.351704e-01 108.987747 0.464830 -176.220587 
1730.000010 5.361343e-01 108.211653 0.463866 -176.979098 
1732.000010 5.372536e-01 107.436244 0.462746 -177.736966 
1734.000010 5.385271e-01 106.661304 0.461473 -178.494405 
1736.000010 5.399539e-01 105.886622 0.460046 -179.251626 
1738.000010 5.415330e-01 105.111991 0.458467 179.991162 
1740.000010 5.432637e-01 104.337204 0.456736 179.233756 
1742.000010 5.451451e-01 103.562061 0.454855 178.475953 
1744.000010 5.471765e-01 102.786363 0.452823 177.717556 
1746.000010 5.493573e-01 102.009914 0.450643 176.958368 
1748.000010 5.516867e-01 101.232523 0.448313 176.198198 
1750.000010 5.541643e-01 100.453998 0.445836 175.436855 
1752.000010 5.567893e-01 99.674153 0.443211 174.674154 
1754.000010 5.595614e-01 98.892804 0.440439 173.909908 
1756.000010 5.624800e-01 98.109768 0.437520 173.143937 
1758.000010 5.655445e-01 97.324866 0.434456 172.376061 
1760.000010 5.687545e-01 96.537922 0.431246 171.606104 
1762.000010 5.721094e-01 95.748760 0.427891 170.833891 
1764.000010 5.756088e-01 94.957209 0.424391 170.059250 
1766.000010 5.792522e-01 94.163099 0.420748 169.282012 
1768.000010 5.830389e-01 93.366263 0.416961 168.502010 
1770.000010 5.869684e-01 92.566537 0.413032 167.719080 
1772.000010 5.910400e-01 91.763759 0.408960 166.933059 
1774.000010 5.952531e-01 90.957768 0.404747 166.143789 
1776.000010 5.996069e-01 90.148409 0.400393 165.351111 
1778.000010 6.041006e-01 89.335526 0.395899 164.554873 
1780.000010 6.087333e-01 88.518968 0.391267 163.754923 
1782.000010 6.135040e-01 87.698586 0.386496 162.951112 
1784.000010 6.184117e-01 86.874235 0.381588 162.143293 
1786.000010 6.234550e-01 86.045771 0.376545 161.331326 
1788.000010 6.286327e-01 85.213055 0.371367 160.515069 
1790.000010 6.339434e-01 84.375951 0.366057 159.694386 
1792.000010 6.393853e-01 83.534324 0.360615 158.869145 
1794.000010 6.449568e-01 82.688046 0.355043 158.039217 
1796.000010 6.506558e-01 81.836991 0.349344 157.204475 
1798.000010 6.564803e-01 80.981037 0.343520 156.364797 
1800.000010 6.624279e-01 80.120067 0.337572 155.520067 
1802.000010 6.684961e-01 79.253967 0.331504 154.670171 
1804.000010 6.746821e-01 78.382629 0.325318 153.815001 
1806.000010 6.809829e-01 77.505948 0.319017 152.954453 
1808.000010 6.873953e-01 76.623825 0.312605 152.088427 
1810.000010 6.939158e-01 75.736168 0.306084 151.216831 
1812.000010 7.005406e-01 74.842887 0.299459 150.339576 
1814.000010 7.072656e-01 73.943902 0.292734 149.456581 
1816.000010 7.140865e-01 73.039135 0.285913 148.567770 
1818.000010 7.209986e-01 72.128518 0.279001 147.673073 
1820.000010 7.279970e-01 71.211987 0.272003 146.772427 
1822.000010 7.350763e-01 70.289487 0.264924 145.865777 
1824.000010 7.422310e-01 69.360969 0.257769 144.953074 
1826.000010 7.494549e-01 68.426393 0.250545 144.034279 
1828.000010 7.567419e-01 67.485725 0.243258 143.109357 
1830.000010 7.640852e-01 66.538942 0.235915 142.178286 
1832.000010 7.714778e-01 65.586027 0.228522 141.241049 
1834.000010 7.789123e-01 64.626974 0.221088 140.297639 
1836.000010 7.863810e-01 63.661786 0.213619 139.348060 
1838.000010 7.938758e-01 62.690474 0.206124 138.392323 
1840.000010 8.013882e-01 61.713060 0.198612 137.430451 
1842.000010 8.089095e-01 60.729577 0.191091 136.462476 
1844.000010 8.164304e-01 59.740067 0.183570 135.488440 
1846.000010 8.239417e-01 58.744583 0.176058 134.508397 
1848.000010 8.314334e-01 57.743190 0.168567 133.522411 
1850.000010 8.388955e-01 56.735963 0.161104 132.530557 
1852.000010 8.463178e-01 55.722988 0.153682 131.532923 
1854.000010 8.536896e-01 54.704364 0.146310 130.529607 
1856.000010 8.610000e-01 53.680201 0.139000 129.520718 
1858.000010 8.682382e-01 52.650619 0.131762 128.506378 
1860.000010 8.753928e-01 51.615753 0.124607 127.486721 
1862.000010 8.824527e-01 50.575747 0.117547 126.461891 
1864.000010 8.894062e-01 49.530758 0.110594 125.432046 
1866.000010 8.962419e-01 48.480955 0.103758 124.397354 
1868.000010 9.029484e-01 47.426517 0.097052 123.357995 
1870.000010 9.095140e-01 46.367637 0.090486 122.314162 
1872.000010 9.159274e-01 45.304518 0.084073 121.266056 
1874.000010 9.221772e-01 44.237372 0.077823 120.213893 
1876.000010 9.282522e-01 43.166426 0.071748 119.157897 
1878.000010 9.341414e-01 42.091913 0.065859 118.098303 
1880.000010 9.398340e-01 41.014079 0.060166 117.035355 
1882.000010 9.453197e-01 39.933178 0.054680 115.969310 
1884.000010 9.505883e-01 38.849475 0.049412 114.900430 
1886.000010 9.556301e-01 37.763240 0.044370 113.828988 
1888.000010 9.604358e-01 36.674754 0.039564 112.755263 
1890.000010 9.649968e-01 35.584305 0.035003 111.679543 
1892.000010 9.693046e-01 34.492186 0.030695 110.602123 
1894.000010 9.733517e-01 33.398697 0.026648 109.523301 
1896.000010 9.771310e-01 32.304144 0.022869 108.443384 
1898.000010 9.806361e-01 31.208835 0.019364 107.362682 
1900.000010 9.838611e-01 30.113085 0.016139 106.281506 
1902.000010 9.868011e-01 29.017209 0.013199 105.200174 
1904.000010 9.894518e-01 27.921525 0.010548 104.119004 
1906.000010 9.918095e-01 26.826352 0.008190 103.038315 
1908.000010 9.938715e-01 25.732011 0.006128 101.958427 
1910.000010 9.956357e-01 24.638821 0.004364 100.879659 
1912.000010 9.971009e-01 23.547099 0.002899 99.802329 
1914.000010 9.982666e-01 22.457161 0.001733 98.726753 
1916.000010 9.991331e-01 21.369320 0.000867 97.653245 
1918.000010 9.997015e-01 20.283885 0.000299 96.582113 
1920.000010 9.999735e-01 19.201161 0.000026 95.513661 
1922.000010 9.999518e-01 18.121447 0.000048 -85.551810 
1924.000010 9.996395e-01 17.045036 0.000360 -86.614007 
1926.000010 9.990407e-01 15.972216 0.000959 -87.672644 
1928.000010 9.981600e-01 14.903265 0.001840 -88.727440 
1930.000010 9.970026e-01 13.838457 0.002997 -89.778124 
1932.000010 9.955744e-01 12.778053 0.004426 -90.824432 
1934.000010 9.938817e-01 11.722308 0.006118 -91.866109 
1936.000010 9.919314e-01 10.671469 0.008069 -92.902911 
1938.000010 9.897310e-01 9.625770 0.010269 -93.934602 
1940.000010 9.872883e-01 8.585436 0.012712 -94.960956 
1942.000010 9.846114e-01 7.550683 0.015389 -95.981758 
1944.000010 9.817089e-01 6.521715 0.018291 -96.996803 
1946.000010 9.785896e-01 5.498726 0.021410 -98.005899 
1948.000010 9.752627e-01 4.481898 0.024737 -99.008861 
1950.000010 9.717374e-01 3.471404 0.028263 -100.005519 
1952.000010 9.680233e-01 2.467402 0.031977 -100.995712 
1954.000010 9.641300e-01 1.470044 0.035870 -101.979291 
1956.000010 9.600670e-01 0.479466 0.039933 -102.956117 
1958.000010 9.558443e-01 -0.504204 0.044156 -103.926063 
1960.000010 9.514715e-01 -1.480850 0.048528 -104.889013 
1962.000010 9.469584e-01 -2.450367 0.053042 -105.844862 
1964.000010 9.423147e-01 -3.412660 0.057685 -106.793515 
1966.000010 9.375500e-01 -4.367645 0.062450 -107.734888 
1968.000010 9.326737e-01 -5.315248 0.067326 -108.668906 
1970.000010 9.276951e-01 -6.255405 0.072305 -109.595507 
1972.000010 9.226236e-01 -7.188063 0.077376 -110.514635 
1974.000010 9.174680e-01 -8.113176 0.082532 -111.426246 
1976.000010 9.122372e-01 -9.030709 0.087763 -112.330304 
1978.000010 9.069397e-01 -9.940635 0.093060 -113.226782 
1980.000010 9.015839e-01 -10.842936 0.098416 -114.115663 
1982.000010 8.961778e-01 -11.737602 0.103822 -114.996936 
1984.000010 8.907293e-01 -12.624631 0.109271 -115.870599 
1986.000010 8.852460e-01 -13.504028 0.114754 -116.736656 
1988.000010 8.797350e-01 -14.375805 0.120265 -117.595121 
1990.000010 8.742035e-01 -15.239982 0.125797 -118.446013 
1992.000010 8.686581e-01 -16.096585 0.131342 -119.289356 
1994.000010 8.631054e-01 -16.945645 0.136895 -120.125184 
1996.000010 8.575514e-01 -17.787200 0.142449 -120.953533 
1998.000010 8.520020e-01 -18.621293 0.147998 -121.774446 
2000.000010 8.464629e-01 -19.447971 0.153537 -122.587971 
